1.000000e-02 5.026014e-01
2.000000e-02 1.087477e+00
3.000000e-02 1.675702e+00
4.000000e-02 2.193791e+00
5.000000e-02 2.742810e+00
6.000000e-02 3.225499e+00
7.000000e-02 3.705478e+00
8.000000e-02 4.191066e+00
9.000000e-02 4.574675e+00
1.000000e-01 5.010571e+00
2.000000e-01 8.009279e+00
3.000000e-01 9.742523e+00
4.000000e-01 1.042873e+01
5.000000e-01 1.031782e+01
6.000000e-01 9.437070e+00
7.000000e-01 7.913071e+00
8.000000e-01 5.843216e+00
9.000000e-01 3.159256e+00
9.100000e-01 2.863108e+00
9.200000e-01 2.565921e+00
9.300000e-01 2.268339e+00
9.400000e-01 1.950352e+00
9.500000e-01 1.654234e+00
9.600000e-01 1.334427e+00
9.700000e-01 1.001689e+00
9.800000e-01 6.763068e-01
9.900000e-01 3.406622e-01