1.000000e-02 9.174312e-01 8.696459e-01
2.000000e-02 1.818423e+00 8.741064e-01
3.000000e-02 2.701854e+00 8.783556e-01
4.000000e-02 3.566938e+00 8.824081e-01
5.000000e-02 4.413123e+00 8.862774e-01
6.000000e-02 5.240018e+00 8.899755e-01
7.000000e-02 6.047349e+00 8.935136e-01
8.000000e-02 6.834927e+00 8.969018e-01
9.000000e-02 7.602627e+00 9.001494e-01
1.000000e-01 8.350370e+00 9.032651e-01
1.100000e-01 9.078112e+00 9.062567e-01
1.200000e-01 9.785838e+00 9.091315e-01
1.300000e-01 1.047355e+01 9.118962e-01
1.400000e-01 1.114128e+01 9.145570e-01
1.500000e-01 1.178905e+01 9.171196e-01
1.600000e-01 1.241691e+01 9.195894e-01
1.700000e-01 1.302491e+01 9.219713e-01
1.800000e-01 1.361311e+01 9.242700e-01
1.900000e-01 1.418157e+01 9.264897e-01
2.000000e-01 1.473035e+01 9.286344e-01
2.100000e-01 1.525951e+01 9.307079e-01
2.200000e-01 1.576914e+01 9.327137e-01
2.300000e-01 1.625930e+01 9.346550e-01
2.400000e-01 1.673006e+01 9.365348e-01
2.500000e-01 1.718149e+01 9.383562e-01
2.600000e-01 1.761366e+01 9.401216e-01
2.700000e-01 1.802664e+01 9.418338e-01
2.800000e-01 1.842051e+01 9.434950e-01
2.900000e-01 1.879533e+01 9.451075e-01
3.000000e-01 1.915117e+01 9.466734e-01
3.100000e-01 1.948811e+01 9.481947e-01
3.200000e-01 1.980621e+01 9.496732e-01
3.300000e-01 2.010553e+01 9.511109e-01
3.400000e-01 2.038614e+01 9.525092e-01
3.500000e-01 2.064811e+01 9.538699e-01
3.600000e-01 2.089150e+01 9.551944e-01
3.700000e-01 2.111638e+01 9.564841e-01
3.800000e-01 2.132279e+01 9.577405e-01
3.900000e-01 2.151082e+01 9.589647e-01
4.000000e-01 2.168050e+01 9.601580e-01
4.100000e-01 2.183191e+01 9.613215e-01
4.200000e-01 2.196510e+01 9.624564e-01
4.300000e-01 2.208013e+01 9.635637e-01
4.400000e-01 2.217704e+01 9.646444e-01
4.500000e-01 2.225590e+01 9.656994e-01
4.600000e-01 2.231676e+01 9.667296e-01
4.700000e-01 2.235967e+01 9.677360e-01
4.800000e-01 2.238468e+01 9.687193e-01
4.900000e-01 2.239184e+01 9.696803e-01
5.000000e-01 2.238119e+01 9.706197e-01
5.100000e-01 2.235280e+01 9.715383e-01
5.200000e-01 2.230670e+01 9.724368e-01
5.300000e-01 2.224294e+01 9.733158e-01
5.400000e-01 2.216156e+01 9.741759e-01
5.500000e-01 2.206262e+01 9.750178e-01
5.600000e-01 2.194614e+01 9.758420e-01
5.700000e-01 2.181219e+01 9.766490e-01
5.800000e-01 2.166078e+01 9.774395e-01
5.900000e-01 2.149198e+01 9.782138e-01
6.000000e-01 2.130582e+01 9.789726e-01
6.100000e-01 2.110233e+01 9.797162e-01
6.200000e-01 2.088156e+01 9.804451e-01
6.300000e-01 2.064354e+01 9.811597e-01
6.400000e-01 2.038832e+01 9.818605e-01
6.500000e-01 2.011592e+01 9.825479e-01
6.600000e-01 1.982638e+01 9.832222e-01
6.700000e-01 1.951974e+01 9.838838e-01
6.800000e-01 1.919603e+01 9.845330e-01
6.900000e-01 1.885529e+01 9.851703e-01
7.000000e-01 1.849754e+01 9.857958e-01
7.100000e-01 1.812283e+01 9.864101e-01
7.200000e-01 1.773117e+01 9.870133e-01
7.300000e-01 1.732261e+01 9.876057e-01
7.400000e-01 1.689718e+01 9.881877e-01
7.500000e-01 1.645490e+01 9.887594e-01
7.600000e-01 1.599580e+01 9.893213e-01
7.700000e-01 1.551991e+01 9.898735e-01
7.800000e-01 1.502726e+01 9.904162e-01
7.900000e-01 1.451789e+01 9.909498e-01
8.000000e-01 1.399180e+01 9.914744e-01
8.100000e-01 1.344904e+01 9.919903e-01
8.200000e-01 1.288963e+01 9.924977e-01
8.300000e-01 1.231359e+01 9.929968e-01
8.400000e-01 1.172095e+01 9.934878e-01
8.500000e-01 1.111173e+01 9.939709e-01
8.600000e-01 1.048596e+01 9.944462e-01
8.700000e-01 9.843669e+00 9.949141e-01
8.800000e-01 9.184871e+00 9.953745e-01
8.900000e-01 8.509591e+00 9.958278e-01
9.000000e-01 7.817853e+00 9.962741e-01
9.100000e-01 7.109680e+00 9.967135e-01
9.200000e-01 6.385092e+00 9.971463e-01
9.300000e-01 5.644113e+00 9.975724e-01
9.400000e-01 4.886762e+00 9.979922e-01
9.500000e-01 4.113060e+00 9.984057e-01
9.600000e-01 3.323029e+00 9.988131e-01
9.700000e-01 2.516688e+00 9.992146e-01
9.800000e-01 1.694056e+00 9.996101e-01
9.900000e-01 8.551540e-01 1.000000e+00
