1.000000e-02 5.025126e-01 9.737173e-01
2.000000e-02 1.085443e+00 9.753882e-01
3.000000e-02 1.663422e+00 9.768881e-01
4.000000e-02 2.220940e+00 9.782420e-01
5.000000e-02 2.754058e+00 9.794702e-01
6.000000e-02 3.262035e+00 9.805895e-01
7.000000e-02 3.745234e+00 9.816137e-01
8.000000e-02 4.204442e+00 9.825544e-01
9.000000e-02 4.640599e+00 9.834215e-01
1.000000e-01 5.054683e+00 9.842233e-01
1.100000e-01 5.447662e+00 9.849669e-01
1.200000e-01 5.820465e+00 9.856583e-01
1.300000e-01 6.173971e+00 9.863030e-01
1.400000e-01 6.509011e+00 9.869054e-01
1.500000e-01 6.826362e+00 9.874697e-01
1.600000e-01 7.126751e+00 9.879993e-01
1.700000e-01 7.410858e+00 9.884973e-01
1.800000e-01 7.679316e+00 9.889665e-01
1.900000e-01 7.932719e+00 9.894093e-01
2.000000e-01 8.171620e+00 9.898278e-01
2.100000e-01 8.396536e+00 9.902241e-01
2.200000e-01 8.607951e+00 9.905998e-01
2.300000e-01 8.806317e+00 9.909565e-01
2.400000e-01 8.992058e+00 9.912956e-01
2.500000e-01 9.165573e+00 9.916183e-01
2.600000e-01 9.327234e+00 9.919259e-01
2.700000e-01 9.477391e+00 9.922194e-01
2.800000e-01 9.616373e+00 9.924997e-01
2.900000e-01 9.744491e+00 9.927677e-01
3.000000e-01 9.862035e+00 9.930242e-01
3.100000e-01 9.969281e+00 9.932699e-01
3.200000e-01 1.006649e+01 9.935054e-01
3.300000e-01 1.015390e+01 9.937315e-01
3.400000e-01 1.023174e+01 9.939486e-01
3.500000e-01 1.030024e+01 9.941573e-01
3.600000e-01 1.035960e+01 9.943580e-01
3.700000e-01 1.041002e+01 9.945513e-01
3.800000e-01 1.045168e+01 9.947375e-01
3.900000e-01 1.048475e+01 9.949169e-01
4.000000e-01 1.050940e+01 9.950900e-01
4.100000e-01 1.052580e+01 9.952571e-01
4.200000e-01 1.053409e+01 9.954185e-01
4.300000e-01 1.053441e+01 9.955745e-01
4.400000e-01 1.052690e+01 9.957253e-01
4.500000e-01 1.051168e+01 9.958712e-01
4.600000e-01 1.048889e+01 9.960125e-01
4.700000e-01 1.045864e+01 9.961493e-01
4.800000e-01 1.042103e+01 9.962818e-01
4.900000e-01 1.037618e+01 9.964103e-01
5.000000e-01 1.032419e+01 9.965350e-01
5.100000e-01 1.026516e+01 9.966560e-01
5.200000e-01 1.019917e+01 9.967734e-01
5.300000e-01 1.012632e+01 9.968875e-01
5.400000e-01 1.004669e+01 9.969983e-01
5.500000e-01 9.960365e+00 9.971060e-01
5.600000e-01 9.867418e+00 9.972108e-01
5.700000e-01 9.767925e+00 9.973127e-01
5.800000e-01 9.661958e+00 9.974119e-01
5.900000e-01 9.549584e+00 9.975084e-01
6.000000e-01 9.430870e+00 9.976024e-01
6.100000e-01 9.305878e+00 9.976940e-01
6.200000e-01 9.174669e+00 9.977833e-01
6.300000e-01 9.037300e+00 9.978703e-01
6.400000e-01 8.893828e+00 9.979552e-01
6.500000e-01 8.744305e+00 9.980380e-01
6.600000e-01 8.588783e+00 9.981187e-01
6.700000e-01 8.427311e+00 9.981976e-01
6.800000e-01 8.259938e+00 9.982746e-01
6.900000e-01 8.086708e+00 9.983497e-01
7.000000e-01 7.907666e+00 9.984232e-01
7.100000e-01 7.722855e+00 9.984949e-01
7.200000e-01 7.532315e+00 9.985651e-01
7.300000e-01 7.336086e+00 9.986337e-01
7.400000e-01 7.134205e+00 9.987007e-01
7.500000e-01 6.926710e+00 9.987663e-01
7.600000e-01 6.713636e+00 9.988305e-01
7.700000e-01 6.495016e+00 9.988933e-01
7.800000e-01 6.270885e+00 9.989548e-01
7.900000e-01 6.041273e+00 9.990150e-01
8.000000e-01 5.806211e+00 9.990739e-01
8.100000e-01 5.565730e+00 9.991317e-01
8.200000e-01 5.319858e+00 9.991882e-01
8.300000e-01 5.068622e+00 9.992436e-01
8.400000e-01 4.812049e+00 9.992980e-01
8.500000e-01 4.550166e+00 9.993512e-01
8.600000e-01 4.282998e+00 9.994034e-01
8.700000e-01 4.010568e+00 9.994546e-01
8.800000e-01 3.732901e+00 9.995049e-01
8.900000e-01 3.450019e+00 9.995541e-01
9.000000e-01 3.161945e+00 9.996025e-01
9.100000e-01 2.868699e+00 9.996500e-01
9.200000e-01 2.570302e+00 9.996965e-01
9.300000e-01 2.266775e+00 9.997423e-01
9.400000e-01 1.958138e+00 9.997872e-01
9.500000e-01 1.644408e+00 9.998313e-01
9.600000e-01 1.325604e+00 9.998746e-01
9.700000e-01 1.001744e+00 9.999171e-01
9.800000e-01 6.728460e-01 9.999589e-01
9.900000e-01 3.389258e-01 1.000000e+00
