1.000000e-02 9.214291e-01
2.000000e-02 1.798777e+00
3.000000e-02 2.615611e+00
4.000000e-02 3.535980e+00
5.000000e-02 4.409568e+00
6.000000e-02 5.277864e+00
7.000000e-02 6.019208e+00
8.000000e-02 6.850705e+00
9.000000e-02 7.605222e+00
1.000000e-01 8.388498e+00
2.000000e-01 1.471460e+01
3.000000e-01 1.919572e+01
4.000000e-01 2.167781e+01
5.000000e-01 2.243648e+01
6.000000e-01 2.144024e+01
7.000000e-01 1.852753e+01
8.000000e-01 1.414674e+01
9.000000e-01 7.871304e+00
9.100000e-01 7.176032e+00
9.200000e-01 6.381746e+00
9.300000e-01 5.725979e+00
9.400000e-01 4.736757e+00
9.500000e-01 4.147685e+00
9.600000e-01 3.192439e+00
9.700000e-01 2.472723e+00
9.800000e-01 1.725912e+00
9.900000e-01 8.554489e-01