1.000000e-02 3.253618e-01 9.264832e-01
2.000000e-02 6.454886e-01 9.312875e-01
3.000000e-02 9.588315e-01 9.357775e-01
4.000000e-02 1.264504e+00 9.399828e-01
5.000000e-02 1.561984e+00 9.439299e-01
6.000000e-02 1.850963e+00 9.476417e-01
7.000000e-02 2.131267e+00 9.511386e-01
8.000000e-02 2.402804e+00 9.544389e-01
9.000000e-02 2.665539e+00 9.575586e-01
1.000000e-01 2.919477e+00 9.605122e-01
1.100000e-01 3.164649e+00 9.633126e-01
1.200000e-01 3.401104e+00 9.659714e-01
1.300000e-01 3.628906e+00 9.684990e-01
1.400000e-01 3.848128e+00 9.709051e-01
1.500000e-01 4.058851e+00 9.731980e-01
1.600000e-01 4.261161e+00 9.753857e-01
1.700000e-01 4.455147e+00 9.774751e-01
1.800000e-01 4.640902e+00 9.794729e-01
1.900000e-01 4.818521e+00 9.813848e-01
2.000000e-01 4.988098e+00 9.832163e-01
2.100000e-01 5.149732e+00 9.849724e-01
2.200000e-01 5.303518e+00 9.866576e-01
2.300000e-01 5.449554e+00 9.882761e-01
2.400000e-01 5.587938e+00 9.898319e-01
2.500000e-01 5.718766e+00 9.913284e-01
2.600000e-01 5.842135e+00 9.927691e-01
2.700000e-01 5.958141e+00 9.941570e-01
2.800000e-01 6.066880e+00 9.954948e-01
2.900000e-01 6.168447e+00 9.967854e-01
3.000000e-01 6.262935e+00 9.980312e-01
3.100000e-01 6.350438e+00 9.992343e-01
3.200000e-01 6.431049e+00 1.000397e+00
3.300000e-01 6.504860e+00 1.001522e+00
3.400000e-01 6.571961e+00 1.002609e+00
3.500000e-01 6.632443e+00 1.003662e+00
3.600000e-01 6.686395e+00 1.004682e+00
3.700000e-01 6.733905e+00 1.005671e+00
3.800000e-01 6.775060e+00 1.006629e+00
3.900000e-01 6.809947e+00 1.007558e+00
4.000000e-01 6.838652e+00 1.008460e+00
4.100000e-01 6.861259e+00 1.009336e+00
4.200000e-01 6.877852e+00 1.010186e+00
4.300000e-01 6.888514e+00 1.011012e+00
4.400000e-01 6.893327e+00 1.011816e+00
4.500000e-01 6.892373e+00 1.012597e+00
4.600000e-01 6.885731e+00 1.013356e+00
4.700000e-01 6.873481e+00 1.014096e+00
4.800000e-01 6.855701e+00 1.014816e+00
4.900000e-01 6.832470e+00 1.015517e+00
5.000000e-01 6.803863e+00 1.016200e+00
5.100000e-01 6.769958e+00 1.016865e+00
5.200000e-01 6.730829e+00 1.017514e+00
5.300000e-01 6.686551e+00 1.018147e+00
5.400000e-01 6.637197e+00 1.018764e+00
5.500000e-01 6.582840e+00 1.019366e+00
5.600000e-01 6.523552e+00 1.019954e+00
5.700000e-01 6.459404e+00 1.020528e+00
5.800000e-01 6.390466e+00 1.021089e+00
5.900000e-01 6.316809e+00 1.021636e+00
6.000000e-01 6.238502e+00 1.022171e+00
6.100000e-01 6.155611e+00 1.022694e+00
6.200000e-01 6.068206e+00 1.023206e+00
6.300000e-01 5.976351e+00 1.023706e+00
6.400000e-01 5.880115e+00 1.024195e+00
6.500000e-01 5.779561e+00 1.024673e+00
6.600000e-01 5.674754e+00 1.025142e+00
6.700000e-01 5.565759e+00 1.025600e+00
6.800000e-01 5.452638e+00 1.026049e+00
6.900000e-01 5.335454e+00 1.026488e+00
7.000000e-01 5.214269e+00 1.026919e+00
7.100000e-01 5.089144e+00 1.027341e+00
7.200000e-01 4.960139e+00 1.027754e+00
7.300000e-01 4.827315e+00 1.028159e+00
7.400000e-01 4.690731e+00 1.028556e+00
7.500000e-01 4.550445e+00 1.028945e+00
7.600000e-01 4.406515e+00 1.029327e+00
7.700000e-01 4.259000e+00 1.029702e+00
7.800000e-01 4.107955e+00 1.030069e+00
7.900000e-01 3.953438e+00 1.030430e+00
8.000000e-01 3.795503e+00 1.030784e+00
8.100000e-01 3.634206e+00 1.031131e+00
8.200000e-01 3.469601e+00 1.031472e+00
8.300000e-01 3.301742e+00 1.031807e+00
8.400000e-01 3.130683e+00 1.032135e+00
8.500000e-01 2.956477e+00 1.032458e+00
8.600000e-01 2.779175e+00 1.032776e+00
8.700000e-01 2.598829e+00 1.033087e+00
8.800000e-01 2.415492e+00 1.033394e+00
8.900000e-01 2.229213e+00 1.033695e+00
9.000000e-01 2.040042e+00 1.033991e+00
9.100000e-01 1.848030e+00 1.034282e+00
9.200000e-01 1.653225e+00 1.034568e+00
9.300000e-01 1.455677e+00 1.034849e+00
9.400000e-01 1.255433e+00 1.035126e+00
9.500000e-01 1.052541e+00 1.035398e+00
9.600000e-01 8.470485e-01 1.035666e+00
9.700000e-01 6.390020e-01 1.035929e+00
9.800000e-01 4.284480e-01 1.036189e+00
9.900000e-01 2.154322e-01 1.036444e+00
