1.000000e-02 3.291902e-01
2.000000e-02 6.429540e-01
3.000000e-02 9.528427e-01
4.000000e-02 1.255316e+00
5.000000e-02 1.555882e+00
6.000000e-02 1.839818e+00
7.000000e-02 2.122496e+00
8.000000e-02 2.373806e+00
9.000000e-02 2.630999e+00
1.000000e-01 2.908050e+00
2.000000e-01 4.947295e+00
3.000000e-01 6.203443e+00
4.000000e-01 6.788099e+00
5.000000e-01 6.827401e+00
6.000000e-01 6.271980e+00
7.000000e-01 5.270976e+00
8.000000e-01 3.826203e+00
9.000000e-01 2.058537e+00
9.100000e-01 1.859125e+00
9.200000e-01 1.648244e+00
9.300000e-01 1.455898e+00
9.400000e-01 1.258812e+00
9.500000e-01 1.060197e+00
9.600000e-01 8.520697e-01
9.700000e-01 6.466765e-01
9.800000e-01 4.299272e-01
9.900000e-01 2.157103e-01
