2.681184
1.277888
1.360432
2.148228
1.185202
1.410986
1.008622
1.506166
2.615451
1.537824
1.566623
1.089339
7.377766
1.600200
1.156544
1.486191
4.150693
2.135228
1.000183
1.273729
3.110111
1.121603
1.037854
1.329197
1.360913
2.432572
7.470685
1.086812
1.123954
1.508724
1.387944
9.374022
1.126713
1.105376
1.844482
1.532937
45.558667
1.323759
1.351657
1.000702
2.698854
1.164086
1.840507
1.336823
5.677409
1.673105
4.268157
2.178676
2.262801
1.028179
2.091084
1.126751
3.443330
1.732973
2.501419
2.557464
3.476386
2.766135
3.509297
1.773717
1.103623
1.305599
1.323831
1.691502
7.487117
2.434778
1.486217
1.193701
1.966537
1.081480
1.549237
10.471007
1.161275
1.026168
2.577864
1.697073
1.310578
1.265526
26.649384
2.179435
3.351841
1.246295
1.320326
4.234791
1.188026
1.154909
1.459710
2.347740
1.452607
1.831854
1.165684
1.016433
1.794879
1.342655
5.542204
1.185614
1.614610
1.534107
21.139240
4.600392
