1.000000e-02 3.957157e-01 8.550497e+00
2.000000e-02 7.986834e-01 7.221622e+00
3.000000e-02 1.177187e+00 1.042818e+00
4.000000e-02 1.570286e+00 -2.003459e+01
5.000000e-02 1.937043e+00 -3.254209e+01
6.000000e-02 2.291335e+00 1.039494e+01
7.000000e-02 2.617986e+00 4.258254e+01
8.000000e-02 2.959250e+00 5.392867e+01
9.000000e-02 3.284299e+00 4.435146e+01
1.000000e-01 3.636615e+00 1.350859e+01
2.000000e-01 6.308161e+00 1.190242e+02
3.000000e-01 8.163246e+00 5.176287e+01
4.000000e-01 9.167001e+00 1.764828e+02
5.000000e-01 9.286077e+00 4.166583e+02
6.000000e-01 8.735268e+00 4.174907e+02
7.000000e-01 7.379181e+00 5.125192e+02
8.000000e-01 5.491517e+00 3.699187e+02
9.000000e-01 3.017102e+00 2.010433e+02
9.100000e-01 2.714076e+00 2.476162e+02
9.200000e-01 2.429850e+00 2.189744e+02
9.300000e-01 2.175071e+00 1.477476e+02
9.400000e-01 1.865742e+00 1.276292e+02
9.500000e-01 1.556209e+00 1.590167e+02
9.600000e-01 1.264095e+00 1.081015e+02
9.700000e-01 9.635992e-01 5.142984e+01
9.800000e-01 6.369893e-01 5.845052e+01
9.900000e-01 3.198687e-01 3.210856e+01
