1.000000e-02 1.828215e-01 9.693758e-01 9.470162e-01
2.000000e-02 3.613019e-01 9.735517e-01 1.875109e+00
3.000000e-02 5.354483e-01 9.776016e-01 2.784032e+00
4.000000e-02 7.052698e-01 9.815311e-01 3.673596e+00
5.000000e-02 8.707769e-01 9.853454e-01 4.543656e+00
6.000000e-02 1.031981e+00 9.890497e-01 5.394102e+00
7.000000e-02 1.188895e+00 9.926485e-01 6.224851e+00
8.000000e-02 1.341532e+00 9.961463e-01 7.035842e+00
9.000000e-02 1.489906e+00 9.995474e-01 7.827033e+00
1.000000e-01 1.634032e+00 1.002856e+00 8.598395e+00
1.100000e-01 1.773924e+00 1.006075e+00 9.349911e+00
1.200000e-01 1.909600e+00 1.009208e+00 1.008158e+01
1.300000e-01 2.041073e+00 1.012260e+00 1.079339e+01
1.400000e-01 2.168362e+00 1.015232e+00 1.148535e+01
1.500000e-01 2.291483e+00 1.018129e+00 1.215749e+01
1.600000e-01 2.410453e+00 1.020952e+00 1.280981e+01
1.700000e-01 2.525289e+00 1.023705e+00 1.344233e+01
1.800000e-01 2.636010e+00 1.026391e+00 1.405508e+01
1.900000e-01 2.742633e+00 1.029011e+00 1.464809e+01
2.000000e-01 2.845177e+00 1.031568e+00 1.522137e+01
2.100000e-01 2.943661e+00 1.034064e+00 1.577497e+01
2.200000e-01 3.038104e+00 1.036502e+00 1.630892e+01
2.300000e-01 3.128524e+00 1.038884e+00 1.682324e+01
2.400000e-01 3.214942e+00 1.041211e+00 1.731797e+01
2.500000e-01 3.297376e+00 1.043485e+00 1.779314e+01
2.600000e-01 3.375848e+00 1.045708e+00 1.824879e+01
2.700000e-01 3.450378e+00 1.047882e+00 1.868495e+01
2.800000e-01 3.520985e+00 1.050008e+00 1.910165e+01
2.900000e-01 3.587691e+00 1.052088e+00 1.949895e+01
3.000000e-01 3.650517e+00 1.054124e+00 1.987685e+01
3.100000e-01 3.709484e+00 1.056116e+00 2.023542e+01
3.200000e-01 3.764614e+00 1.058067e+00 2.057467e+01
3.300000e-01 3.815929e+00 1.059977e+00 2.089465e+01
3.400000e-01 3.863450e+00 1.061848e+00 2.119538e+01
3.500000e-01 3.907201e+00 1.063680e+00 2.147692e+01
3.600000e-01 3.947203e+00 1.065476e+00 2.173928e+01
3.700000e-01 3.983481e+00 1.067236e+00 2.198250e+01
3.800000e-01 4.016056e+00 1.068961e+00 2.220663e+01
3.900000e-01 4.044954e+00 1.070653e+00 2.241169e+01
4.000000e-01 4.070196e+00 1.072311e+00 2.259771e+01
4.100000e-01 4.091808e+00 1.073938e+00 2.276474e+01
4.200000e-01 4.109814e+00 1.075534e+00 2.291280e+01
4.300000e-01 4.124239e+00 1.077100e+00 2.304192e+01
4.400000e-01 4.135107e+00 1.078637e+00 2.315214e+01
4.500000e-01 4.142444e+00 1.080145e+00 2.324350e+01
4.600000e-01 4.146275e+00 1.081626e+00 2.331602e+01
4.700000e-01 4.146627e+00 1.083080e+00 2.336973e+01
4.800000e-01 4.143525e+00 1.084508e+00 2.340467e+01
4.900000e-01 4.136996e+00 1.085910e+00 2.342086e+01
5.000000e-01 4.127066e+00 1.087288e+00 2.341834e+01
5.100000e-01 4.113764e+00 1.088641e+00 2.339713e+01
5.200000e-01 4.097116e+00 1.089971e+00 2.335727e+01
5.300000e-01 4.077151e+00 1.091279e+00 2.329879e+01
5.400000e-01 4.053896e+00 1.092563e+00 2.322171e+01
5.500000e-01 4.027380e+00 1.093826e+00 2.312606e+01
5.600000e-01 3.997631e+00 1.095068e+00 2.301187e+01
5.700000e-01 3.964680e+00 1.096290e+00 2.287917e+01
5.800000e-01 3.928556e+00 1.097491e+00 2.272798e+01
5.900000e-01 3.889288e+00 1.098672e+00 2.255834e+01
6.000000e-01 3.846907e+00 1.099835e+00 2.237026e+01
6.100000e-01 3.801444e+00 1.100978e+00 2.216378e+01
6.200000e-01 3.752929e+00 1.102104e+00 2.193892e+01
6.300000e-01 3.701395e+00 1.103211e+00 2.169571e+01
6.400000e-01 3.646872e+00 1.104301e+00 2.143417e+01
6.500000e-01 3.589395e+00 1.105374e+00 2.115432e+01
6.600000e-01 3.528994e+00 1.106431e+00 2.085620e+01
6.700000e-01 3.465703e+00 1.107471e+00 2.053982e+01
6.800000e-01 3.399556e+00 1.108496e+00 2.020521e+01
6.900000e-01 3.330586e+00 1.109505e+00 1.985240e+01
7.000000e-01 3.258829e+00 1.110499e+00 1.948140e+01
7.100000e-01 3.184318e+00 1.111478e+00 1.909224e+01
7.200000e-01 3.107089e+00 1.112442e+00 1.868495e+01
7.300000e-01 3.027178e+00 1.113392e+00 1.825953e+01
7.400000e-01 2.944621e+00 1.114329e+00 1.781603e+01
7.500000e-01 2.859454e+00 1.115252e+00 1.735445e+01
7.600000e-01 2.771715e+00 1.116162e+00 1.687483e+01
7.700000e-01 2.681442e+00 1.117059e+00 1.637717e+01
7.800000e-01 2.588671e+00 1.117943e+00 1.586151e+01
7.900000e-01 2.493443e+00 1.118814e+00 1.532786e+01
8.000000e-01 2.395796e+00 1.119674e+00 1.477624e+01
8.100000e-01 2.295770e+00 1.120521e+00 1.420668e+01
8.200000e-01 2.193404e+00 1.121357e+00 1.361919e+01
8.300000e-01 2.088740e+00 1.122182e+00 1.301379e+01
8.400000e-01 1.981819e+00 1.122995e+00 1.239050e+01
8.500000e-01 1.872683e+00 1.123797e+00 1.174935e+01
8.600000e-01 1.761373e+00 1.124589e+00 1.109034e+01
8.700000e-01 1.647934e+00 1.125370e+00 1.041350e+01
8.800000e-01 1.532407e+00 1.126141e+00 9.718855e+00
8.900000e-01 1.414838e+00 1.126901e+00 9.006411e+00
9.000000e-01 1.295272e+00 1.127652e+00 8.276189e+00
9.100000e-01 1.173752e+00 1.128393e+00 7.528208e+00
9.200000e-01 1.050326e+00 1.129124e+00 6.762485e+00
9.300000e-01 9.250398e-01 1.129846e+00 5.979037e+00
9.400000e-01 7.979406e-01 1.130559e+00 5.177881e+00
9.500000e-01 6.690763e-01 1.131263e+00 4.359033e+00
9.600000e-01 5.384954e-01 1.131958e+00 3.522512e+00
9.700000e-01 4.062471e-01 1.132644e+00 2.668331e+00
9.800000e-01 2.723813e-01 1.133322e+00 1.796509e+00
9.900000e-01 1.369485e-01 1.133991e+00 9.070596e-01
