1.000000e-02 1.567369e-01 -1.234085e+01
2.000000e-02 3.084680e-01 -6.934274e+01
3.000000e-02 4.536418e-01 -2.194874e+01
4.000000e-02 6.018721e-01 -1.243854e+02
5.000000e-02 7.398006e-01 -3.516458e+01
6.000000e-02 8.742169e-01 -8.981710e+00
7.000000e-02 1.004969e+00 7.440868e+01
8.000000e-02 1.123949e+00 6.646312e+01
9.000000e-02 1.252642e+00 1.072503e+02
1.000000e-01 1.385399e+00 -1.312076e+02
2.000000e-01 2.375278e+00 -3.855977e+01
3.000000e-01 2.998468e+00 -4.916632e+02
4.000000e-01 3.286809e+00 -3.726750e+02
5.000000e-01 3.247888e+00 2.422291e+02
6.000000e-01 2.999098e+00 -1.231631e+02
7.000000e-01 2.513984e+00 -9.219087e+01
8.000000e-01 1.836991e+00 -1.802269e+01
9.000000e-01 9.758685e-01 1.577512e+02
9.100000e-01 8.731051e-01 3.166459e+02
9.200000e-01 7.860078e-01 1.003803e+02
9.300000e-01 6.937158e-01 5.570083e+01
9.400000e-01 5.910558e-01 1.061067e+02
9.500000e-01 5.025733e-01 -5.043440e+01
9.600000e-01 3.995254e-01 2.702252e+01
9.700000e-01 3.002785e-01 1.072403e+02
9.800000e-01 2.031981e-01 -9.529633e+00
9.900000e-01 1.011181e-01 2.541552e+01
