1.000000e-02 4.023123e-01 4.023123e-01
2.000000e-02 7.945569e-01 7.962228e-01
3.000000e-02 1.176901e+00 1.181749e+00
4.000000e-02 1.549492e+00 1.558906e+00
5.000000e-02 1.912462e+00 1.927708e+00
6.000000e-02 2.265927e+00 2.288170e+00
7.000000e-02 2.609992e+00 2.640303e+00
8.000000e-02 2.944754e+00 2.984119e+00
9.000000e-02 3.270297e+00 3.319629e+00
1.000000e-01 3.586701e+00 3.646843e+00
1.100000e-01 3.894039e+00 3.965771e+00
1.200000e-01 4.192375e+00 4.276423e+00
1.300000e-01 4.481773e+00 4.578808e+00
1.400000e-01 4.762289e+00 4.872934e+00
1.500000e-01 5.033977e+00 5.158809e+00
1.600000e-01 5.296887e+00 5.436443e+00
1.700000e-01 5.551066e+00 5.705842e+00
1.800000e-01 5.796560e+00 5.967015e+00
1.900000e-01 6.033410e+00 6.219968e+00
2.000000e-01 6.261658e+00 6.464710e+00
2.100000e-01 6.481342e+00 6.701248e+00
2.200000e-01 6.692501e+00 6.929588e+00
2.300000e-01 6.895169e+00 7.149737e+00
2.400000e-01 7.089384e+00 7.361703e+00
2.500000e-01 7.275177e+00 7.565492e+00
2.600000e-01 7.452584e+00 7.761110e+00
2.700000e-01 7.621637e+00 7.948565e+00
2.800000e-01 7.782368e+00 8.127863e+00
2.900000e-01 7.934808e+00 8.299010e+00
3.000000e-01 8.078988e+00 8.462013e+00
3.100000e-01 8.214941e+00 8.616878e+00
3.200000e-01 8.342696e+00 8.763612e+00
3.300000e-01 8.462284e+00 8.902220e+00
3.400000e-01 8.573736e+00 9.032709e+00
3.500000e-01 8.677081e+00 9.155086e+00
3.600000e-01 8.772352e+00 9.269356e+00
3.700000e-01 8.859577e+00 9.375526e+00
3.800000e-01 8.938789e+00 9.473601e+00
3.900000e-01 9.010018e+00 9.563589e+00
4.000000e-01 9.073295e+00 9.645494e+00
4.100000e-01 9.128651e+00 9.719324e+00
4.200000e-01 9.176120e+00 9.785084e+00
4.300000e-01 9.215732e+00 9.842780e+00
4.400000e-01 9.247521e+00 9.892418e+00
4.500000e-01 9.271521e+00 9.934005e+00
4.600000e-01 9.287763e+00 9.967547e+00
4.700000e-01 9.296284e+00 9.993049e+00
4.800000e-01 9.297117e+00 1.001052e+01
4.900000e-01 9.290299e+00 1.001996e+01
5.000000e-01 9.275864e+00 1.002138e+01
5.100000e-01 9.253851e+00 1.001478e+01
5.200000e-01 9.224297e+00 1.000018e+01
5.300000e-01 9.187240e+00 9.977571e+00
5.400000e-01 9.142720e+00 9.946967e+00
5.500000e-01 9.090776e+00 9.908371e+00
5.600000e-01 9.031450e+00 9.861790e+00
5.700000e-01 8.964783e+00 9.807230e+00
5.800000e-01 8.890820e+00 9.744697e+00
5.900000e-01 8.809603e+00 9.674197e+00
6.000000e-01 8.721179e+00 9.595736e+00
6.100000e-01 8.625593e+00 9.509321e+00
6.200000e-01 8.522893e+00 9.414957e+00
6.300000e-01 8.413128e+00 9.312650e+00
6.400000e-01 8.296349e+00 9.202407e+00
6.500000e-01 8.172606e+00 9.084233e+00
6.600000e-01 8.041952e+00 8.958135e+00
6.700000e-01 7.904443e+00 8.824119e+00
6.800000e-01 7.760134e+00 8.682191e+00
6.900000e-01 7.609082e+00 8.532357e+00
7.000000e-01 7.451348e+00 8.374623e+00
7.100000e-01 7.286992e+00 8.208995e+00
7.200000e-01 7.116077e+00 8.035480e+00
7.300000e-01 6.938667e+00 7.854084e+00
7.400000e-01 6.754830e+00 7.664812e+00
7.500000e-01 6.564635e+00 7.467671e+00
7.600000e-01 6.368152e+00 7.262667e+00
7.700000e-01 6.165455e+00 7.049807e+00
7.800000e-01 5.956620e+00 6.829096e+00
7.900000e-01 5.741724e+00 6.600542e+00
8.000000e-01 5.520848e+00 6.364149e+00
8.100000e-01 5.294076e+00 6.119924e+00
8.200000e-01 5.061493e+00 5.867874e+00
8.300000e-01 4.823189e+00 5.608004e+00
8.400000e-01 4.579255e+00 5.340322e+00
8.500000e-01 4.329788e+00 5.064833e+00
8.600000e-01 4.074884e+00 4.781543e+00
8.700000e-01 3.814647e+00 4.490460e+00
8.800000e-01 3.549182e+00 4.191588e+00
8.900000e-01 3.278598e+00 3.884936e+00
9.000000e-01 3.003009e+00 3.570508e+00
9.100000e-01 2.722532e+00 3.248311e+00
9.200000e-01 2.437288e+00 2.918352e+00
9.300000e-01 2.147406e+00 2.580637e+00
9.400000e-01 1.853015e+00 2.235172e+00
9.500000e-01 1.554252e+00 1.881964e+00
9.600000e-01 1.251258e+00 1.521019e+00
9.700000e-01 9.441796e-01 1.152344e+00
9.800000e-01 6.331705e-01 7.759446e-01
9.900000e-01 3.183889e-01 3.918278e-01
