1.000000e-02 1.822540e-01 1.042215e+01
2.000000e-02 3.626356e-01 4.109464e+01
3.000000e-02 5.384741e-01 -7.290527e+01
4.000000e-02 7.013124e-01 -4.647304e+00
5.000000e-02 8.645122e-01 5.569642e+01
6.000000e-02 1.035816e+00 -1.146724e+02
7.000000e-02 1.183146e+00 6.501816e+01
8.000000e-02 1.339317e+00 -4.029168e+01
9.000000e-02 1.482734e+00 -1.580265e+02
1.000000e-01 1.622722e+00 4.148043e+01
2.000000e-01 2.827459e+00 -1.024502e+03
3.000000e-01 3.637316e+00 -5.803117e+02
4.000000e-01 4.044778e+00 -8.092529e+01
5.000000e-01 4.098007e+00 -5.656891e+02
6.000000e-01 3.808320e+00 4.211142e+02
7.000000e-01 3.266000e+00 -8.260762e+02
8.000000e-01 2.404553e+00 -1.724928e+02
9.000000e-01 1.295811e+00 1.326549e+02
9.100000e-01 1.167373e+00 1.058260e+02
9.200000e-01 1.041721e+00 4.637599e+01
9.300000e-01 9.256655e-01 3.445369e+01
9.400000e-01 7.985827e-01 6.482263e+01
9.500000e-01 6.717541e-01 -2.587439e+01
9.600000e-01 5.397994e-01 -6.171661e+01
9.700000e-01 4.085872e-01 4.461267e+01
9.800000e-01 2.736027e-01 -1.324473e+01
9.900000e-01 1.365993e-01 1.567264e+01
