1.000000e-02 1.557129e-01 1.557129e-01
2.000000e-02 3.081208e-01 3.084309e-01
3.000000e-02 4.571612e-01 4.580965e-01
4.000000e-02 6.027831e-01 6.046636e-01
5.000000e-02 7.449450e-01 7.480952e-01
6.000000e-02 8.836131e-01 8.883616e-01
7.000000e-02 1.018760e+00 1.025439e+00
8.000000e-02 1.150364e+00 1.159308e+00
9.000000e-02 1.278407e+00 1.289955e+00
1.000000e-01 1.402877e+00 1.417368e+00
1.100000e-01 1.523763e+00 1.541539e+00
1.200000e-01 1.641058e+00 1.662461e+00
1.300000e-01 1.754757e+00 1.780130e+00
1.400000e-01 1.864858e+00 1.894544e+00
1.500000e-01 1.971361e+00 2.005701e+00
1.600000e-01 2.074266e+00 2.113601e+00
1.700000e-01 2.173577e+00 2.218246e+00
1.800000e-01 2.269299e+00 2.319638e+00
1.900000e-01 2.361435e+00 2.417778e+00
2.000000e-01 2.449994e+00 2.512669e+00
2.100000e-01 2.534984e+00 2.604317e+00
2.200000e-01 2.616412e+00 2.692724e+00
2.300000e-01 2.694288e+00 2.777894e+00
2.400000e-01 2.768624e+00 2.859833e+00
2.500000e-01 2.839430e+00 2.938545e+00
2.600000e-01 2.906719e+00 3.014036e+00
2.700000e-01 2.970504e+00 3.086310e+00
2.800000e-01 3.030799e+00 3.155373e+00
2.900000e-01 3.087617e+00 3.221230e+00
3.000000e-01 3.140974e+00 3.283887e+00
3.100000e-01 3.190886e+00 3.343349e+00
3.200000e-01 3.237369e+00 3.399622e+00
3.300000e-01 3.280440e+00 3.452711e+00
3.400000e-01 3.320116e+00 3.502622e+00
3.500000e-01 3.356416e+00 3.549360e+00
3.600000e-01 3.389359e+00 3.592932e+00
3.700000e-01 3.418965e+00 3.633341e+00
3.800000e-01 3.445252e+00 3.670595e+00
3.900000e-01 3.468243e+00 3.704698e+00
4.000000e-01 3.487958e+00 3.735655e+00
4.100000e-01 3.504419e+00 3.763472e+00
4.200000e-01 3.517650e+00 3.788155e+00
4.300000e-01 3.527674e+00 3.809708e+00
4.400000e-01 3.534513e+00 3.828136e+00
4.500000e-01 3.538194e+00 3.843444e+00
4.600000e-01 3.538742e+00 3.855638e+00
4.700000e-01 3.536181e+00 3.864723e+00
4.800000e-01 3.530541e+00 3.870702e+00
4.900000e-01 3.521847e+00 3.873582e+00
5.000000e-01 3.510128e+00 3.873366e+00
5.100000e-01 3.495413e+00 3.870059e+00
5.200000e-01 3.477732e+00 3.863666e+00
5.300000e-01 3.457115e+00 3.854191e+00
5.400000e-01 3.433594e+00 3.841639e+00
5.500000e-01 3.407201e+00 3.826014e+00
5.600000e-01 3.377970e+00 3.807320e+00
5.700000e-01 3.345934e+00 3.785561e+00
5.800000e-01 3.311127e+00 3.760742e+00
5.900000e-01 3.273587e+00 3.732866e+00
6.000000e-01 3.233350e+00 3.701938e+00
6.100000e-01 3.190454e+00 3.667962e+00
6.200000e-01 3.144938e+00 3.630941e+00
6.300000e-01 3.096841e+00 3.590878e+00
6.400000e-01 3.046205e+00 3.547779e+00
6.500000e-01 2.993072e+00 3.501646e+00
6.600000e-01 2.937486e+00 3.452483e+00
6.700000e-01 2.879491e+00 3.400293e+00
6.800000e-01 2.819132e+00 3.345081e+00
6.900000e-01 2.756457e+00 3.286849e+00
7.000000e-01 2.691515e+00 3.225600e+00
7.100000e-01 2.624356e+00 3.161339e+00
7.200000e-01 2.555030e+00 3.094068e+00
7.300000e-01 2.483590e+00 3.023790e+00
7.400000e-01 2.410091e+00 2.950509e+00
7.500000e-01 2.334589e+00 2.874227e+00
7.600000e-01 2.257140e+00 2.794948e+00
7.700000e-01 2.177806e+00 2.712674e+00
7.800000e-01 2.096645e+00 2.627409e+00
7.900000e-01 2.013722e+00 2.539155e+00
8.000000e-01 1.929100e+00 2.447916e+00
8.100000e-01 1.842847e+00 2.353693e+00
8.200000e-01 1.755032e+00 2.256489e+00
8.300000e-01 1.665724e+00 2.156308e+00
8.400000e-01 1.574998e+00 2.053152e+00
8.500000e-01 1.482928e+00 1.947023e+00
8.600000e-01 1.389592e+00 1.837924e+00
8.700000e-01 1.295070e+00 1.725858e+00
8.800000e-01 1.199445e+00 1.610826e+00
8.900000e-01 1.102803e+00 1.492832e+00
9.000000e-01 1.005231e+00 1.371877e+00
9.100000e-01 9.068203e-01 1.247964e+00
9.200000e-01 8.076653e-01 1.121095e+00
9.300000e-01 7.078630e-01 9.912733e-01
9.400000e-01 6.075137e-01 8.584998e-01
9.500000e-01 5.067212e-01 7.227772e-01
9.600000e-01 4.055929e-01 5.841075e-01
9.700000e-01 3.042398e-01 4.424929e-01
9.800000e-01 2.027766e-01 2.979354e-01
9.900000e-01 1.013223e-01 1.504371e-01
