3.032220
1.838233
4.149082
1.807987
1.151811
1.628681
2.145758
2.496309
7.101865
1.226195
1.123501
3.335650
1.709113
1.184815
2.346191
1.851637
8.710373
2.672514
1.931033
1.654590
1.647847
3.067045
1.312040
1.543076
3.156773
2.285618
1.482509
2.703752
1.453964
3.405570
5.089268
5.302110
3.444456
1.429101
2.141712
7.024930
4.368502
1.159232
1.938377
9.791870
1.288102
3.890075
1.386798
1.367090
1.342328
2.278852
1.724746
1.090747
2.192570
3.563371
1.689575
2.046702
11.064539
2.013970
1.222234
2.676314
2.383308
1.432749
1.751825
1.555891
1.941584
2.449939
1.660500
2.468195
1.977367
2.473423
2.207868
1.349454
3.109093
1.088696
1.117861
2.734555
1.129858
4.326841
2.028620
1.258632
4.594966
1.670521
1.304004
1.680404
1.329876
3.814483
1.574138
1.324702
3.166372
1.800272
2.410214
1.597632
3.025260
2.060509
1.893692
1.445250
1.477943
1.782331
2.510251
1.305355
2.144776
1.498364
1.810768
3.211482

#n=2 Tg=1 T=2.5