3.551820
5.926964
1.916896
7.908278
1.618112
10.814062
5.082972
2.575756
3.200882
2.758208
18.127405
17.417226
2.128240
6.872318
3.482480
3.564682
7.702175
10.694329
2.922183
2.105306
1.411859
2.367782
3.998527
10.634409
2.419095
5.633290
20.757408
2.577445
26.545540
2.871253
2.588728
1.983652
4.999162
1.673934
3.363794
34.161169
2.247621
3.148730
7.820321
4.414871
6.169587
3.018404
6.723137
3.624573
3.411341
8.422846
23.280052
4.148221
4.805005
3.272829
2.125660
7.332444
3.332874
5.426903
5.468035
3.260803
13.839665
1.833899
1.379203
14.938299
2.899864
7.042159
5.314809
2.557349
1.937744
1.240436
18.170857
3.735203
3.040306
2.965227
5.536864
5.753169
10.513640
5.804016
5.786998
4.745453
2.597568
6.045158
1.891974
3.120628
5.225396
8.975420
1.724541
3.101108
19.871174
6.526749
4.541051
6.260724
13.903249
22.485801
2.002658
8.416222
2.864244
7.168674
3.892618
7.784671
3.030143
2.985182
14.779501
4.166191

#n=4 Tg=1 T=2.5