1.000000e-02 9.933142e-02 9.284521e-01 8.469305e-01
2.000000e-02 1.972279e-01 9.350143e-01 1.691215e+00
3.000000e-02 2.929201e-01 9.410151e-01 2.524783e+00
4.000000e-02 3.859827e-01 9.465238e-01 3.343156e+00
5.000000e-02 4.761713e-01 9.515984e-01 4.143733e+00
6.000000e-02 5.633436e-01 9.562883e-01 4.924969e+00
7.000000e-02 6.474192e-01 9.606357e-01 5.685942e+00
8.000000e-02 7.283561e-01 9.646767e-01 6.426117e+00
9.000000e-02 8.061378e-01 9.684427e-01 7.145208e+00
1.000000e-01 8.807650e-01 9.719607e-01 7.843091e+00
1.100000e-01 9.522502e-01 9.752546e-01 8.519750e+00
1.200000e-01 1.020615e+00 9.783450e-01 9.175245e+00
1.300000e-01 1.085885e+00 9.812503e-01 9.809683e+00
1.400000e-01 1.148095e+00 9.839866e-01 1.042321e+01
1.500000e-01 1.207278e+00 9.865682e-01 1.101598e+01
1.600000e-01 1.263472e+00 9.890079e-01 1.158819e+01
1.700000e-01 1.316718e+00 9.913171e-01 1.214003e+01
1.800000e-01 1.367058e+00 9.935059e-01 1.267168e+01
1.900000e-01 1.414533e+00 9.955836e-01 1.318334e+01
2.000000e-01 1.459188e+00 9.975584e-01 1.367522e+01
2.100000e-01 1.501068e+00 9.994378e-01 1.414751e+01
2.200000e-01 1.540217e+00 1.001228e+00 1.460041e+01
2.300000e-01 1.576680e+00 1.002937e+00 1.503410e+01
2.400000e-01 1.610505e+00 1.004568e+00 1.544877e+01
2.500000e-01 1.641737e+00 1.006127e+00 1.584461e+01
2.600000e-01 1.670423e+00 1.007619e+00 1.622180e+01
2.700000e-01 1.696610e+00 1.009048e+00 1.658050e+01
2.800000e-01 1.720344e+00 1.010418e+00 1.692089e+01
2.900000e-01 1.741673e+00 1.011732e+00 1.724312e+01
3.000000e-01 1.760643e+00 1.012995e+00 1.754737e+01
3.100000e-01 1.777303e+00 1.014208e+00 1.783378e+01
3.200000e-01 1.791698e+00 1.015375e+00 1.810251e+01
3.300000e-01 1.803877e+00 1.016498e+00 1.835370e+01
3.400000e-01 1.813887e+00 1.017580e+00 1.858749e+01
3.500000e-01 1.821775e+00 1.018623e+00 1.880401e+01
3.600000e-01 1.827588e+00 1.019628e+00 1.900340e+01
3.700000e-01 1.831373e+00 1.020599e+00 1.918579e+01
3.800000e-01 1.833178e+00 1.021537e+00 1.935131e+01
3.900000e-01 1.833050e+00 1.022442e+00 1.950006e+01
4.000000e-01 1.831036e+00 1.023318e+00 1.963217e+01
4.100000e-01 1.827183e+00 1.024166e+00 1.974775e+01
4.200000e-01 1.821538e+00 1.024986e+00 1.984692e+01
4.300000e-01 1.814148e+00 1.025780e+00 1.992976e+01
4.400000e-01 1.805059e+00 1.026550e+00 1.999640e+01
4.500000e-01 1.794320e+00 1.027296e+00 2.004693e+01
4.600000e-01 1.781976e+00 1.028019e+00 2.008144e+01
4.700000e-01 1.768075e+00 1.028722e+00 2.010002e+01
4.800000e-01 1.752662e+00 1.029403e+00 2.010278e+01
4.900000e-01 1.735785e+00 1.030065e+00 2.008979e+01
5.000000e-01 1.717490e+00 1.030708e+00 2.006115e+01
5.100000e-01 1.697823e+00 1.031333e+00 2.001693e+01
5.200000e-01 1.676832e+00 1.031941e+00 1.995721e+01
5.300000e-01 1.654561e+00 1.032533e+00 1.988208e+01
5.400000e-01 1.631058e+00 1.033108e+00 1.979161e+01
5.500000e-01 1.606368e+00 1.033668e+00 1.968587e+01
5.600000e-01 1.580538e+00 1.034214e+00 1.956493e+01
5.700000e-01 1.553614e+00 1.034745e+00 1.942886e+01
5.800000e-01 1.525641e+00 1.035263e+00 1.927774e+01
5.900000e-01 1.496665e+00 1.035767e+00 1.911162e+01
6.000000e-01 1.466732e+00 1.036260e+00 1.893056e+01
6.100000e-01 1.435888e+00 1.036740e+00 1.873464e+01
6.200000e-01 1.404178e+00 1.037208e+00 1.852391e+01
6.300000e-01 1.371648e+00 1.037665e+00 1.829843e+01
6.400000e-01 1.338344e+00 1.038112e+00 1.805825e+01
6.500000e-01 1.304310e+00 1.038548e+00 1.780344e+01
6.600000e-01 1.269591e+00 1.038973e+00 1.753403e+01
6.700000e-01 1.234234e+00 1.039390e+00 1.725010e+01
6.800000e-01 1.198283e+00 1.039796e+00 1.695168e+01
6.900000e-01 1.161783e+00 1.040194e+00 1.663882e+01
7.000000e-01 1.124780e+00 1.040582e+00 1.631159e+01
7.100000e-01 1.087317e+00 1.040963e+00 1.597001e+01
7.200000e-01 1.049440e+00 1.041335e+00 1.561414e+01
7.300000e-01 1.011194e+00 1.041699e+00 1.524402e+01
7.400000e-01 9.726224e-01 1.042055e+00 1.485970e+01
7.500000e-01 9.337708e-01 1.042404e+00 1.446121e+01
7.600000e-01 8.946832e-01 1.042746e+00 1.404860e+01
7.700000e-01 8.554042e-01 1.043080e+00 1.362191e+01
7.800000e-01 8.159779e-01 1.043408e+00 1.318117e+01
7.900000e-01 7.764487e-01 1.043729e+00 1.272643e+01
8.000000e-01 7.368605e-01 1.044044e+00 1.225772e+01
8.100000e-01 6.972576e-01 1.044353e+00 1.177508e+01
8.200000e-01 6.576839e-01 1.044655e+00 1.127855e+01
8.300000e-01 6.181832e-01 1.044952e+00 1.076815e+01
8.400000e-01 5.787995e-01 1.045243e+00 1.024392e+01
8.500000e-01 5.395763e-01 1.045529e+00 9.705893e+00
8.600000e-01 5.005574e-01 1.045809e+00 9.154104e+00
8.700000e-01 4.617864e-01 1.046084e+00 8.588582e+00
8.800000e-01 4.233067e-01 1.046353e+00 8.009357e+00
8.900000e-01 3.851618e-01 1.046618e+00 7.416460e+00
9.000000e-01 3.473950e-01 1.046879e+00 6.809918e+00
9.100000e-01 3.100496e-01 1.047134e+00 6.189761e+00
9.200000e-01 2.731687e-01 1.047385e+00 5.556016e+00
9.300000e-01 2.367954e-01 1.047631e+00 4.908710e+00
9.400000e-01 2.009728e-01 1.047874e+00 4.247869e+00
9.500000e-01 1.657438e-01 1.048111e+00 3.573519e+00
9.600000e-01 1.311512e-01 1.048345e+00 2.885686e+00
9.700000e-01 9.723788e-02 1.048575e+00 2.184394e+00
9.800000e-01 6.404650e-02 1.048801e+00 1.469666e+00
9.900000e-01 3.161969e-02 1.049023e+00 7.415274e-01
