1.000000e-02 3.914609e-01 6.993814e+01
2.000000e-02 7.881368e-01 -3.166875e+02
3.000000e-02 1.147089e+00 1.785299e+02
4.000000e-02 1.529721e+00 -1.145416e+02
5.000000e-02 1.873529e+00 -8.867568e+01
6.000000e-02 2.232446e+00 1.045076e+02
7.000000e-02 2.585016e+00 -3.729389e+02
8.000000e-02 2.894079e+00 -8.425608e+01
9.000000e-02 3.220734e+00 3.292541e+02
1.000000e-01 3.563959e+00 -1.162813e+01
2.000000e-01 6.184249e+00 8.796381e+01
3.000000e-01 7.923937e+00 1.991854e+01
4.000000e-01 8.877068e+00 8.884569e+01
5.000000e-01 9.021421e+00 1.494587e+02
6.000000e-01 8.438754e+00 1.026414e+02
7.000000e-01 7.155070e+00 1.096051e+02
8.000000e-01 5.226591e+00 1.444338e+02
9.000000e-01 2.866107e+00 7.735036e+01
9.100000e-01 2.554316e+00 3.787956e+01
9.200000e-01 2.287919e+00 -4.996878e+01
9.300000e-01 2.029136e+00 4.515707e+01
9.400000e-01 1.738660e+00 1.266527e+02
9.500000e-01 1.469407e+00 -2.394636e+02
9.600000e-01 1.191758e+00 7.479604e+00
9.700000e-01 8.888632e-01 7.309590e+01
9.800000e-01 6.004846e-01 6.932163e+01
9.900000e-01 3.011905e-01 -2.009796e+01
