1.000000e-02 9.919892e-02 6.533215e+00
2.000000e-02 1.982763e-01 3.347433e+00
3.000000e-02 2.978979e-01 -5.731293e+01
4.000000e-02 3.891389e-01 2.006538e+02
5.000000e-02 4.839841e-01 6.619322e+00
6.000000e-02 5.824012e-01 -2.557112e+02
7.000000e-02 6.621691e-01 7.779561e+01
8.000000e-02 7.379263e-01 2.160854e+02
9.000000e-02 8.252443e-01 1.725968e+02
1.000000e-01 8.920785e-01 6.151398e+02
2.000000e-01 1.469540e+00 1.532967e+03
3.000000e-01 1.744951e+00 2.509657e+03
4.000000e-01 1.758959e+00 4.190095e+03
5.000000e-01 1.634055e+00 4.042473e+03
6.000000e-01 1.385387e+00 4.259850e+03
7.000000e-01 1.031432e+00 5.300122e+03
8.000000e-01 6.929448e-01 4.290221e+03
9.000000e-01 3.354864e-01 2.589241e+03
9.100000e-01 3.025724e-01 2.304704e+03
9.200000e-01 2.633965e-01 2.265339e+03
9.300000e-01 2.323418e-01 1.854304e+03
9.400000e-01 1.986054e-01 1.772957e+03
9.500000e-01 1.635941e-01 1.426676e+03
9.600000e-01 1.304716e-01 1.178253e+03
9.700000e-01 9.724063e-02 9.099649e+02
9.800000e-01 6.411766e-02 6.346362e+02
9.900000e-01 3.233717e-02 3.011159e+02
