1.000000e-02 3.935257e-01 3.935257e-01
2.000000e-02 7.780493e-01 7.793087e-01
3.000000e-02 1.153528e+00 1.157218e+00
4.000000e-02 1.519934e+00 1.527152e+00
5.000000e-02 1.877251e+00 1.889032e+00
6.000000e-02 2.225470e+00 2.242798e+00
7.000000e-02 2.564594e+00 2.588404e+00
8.000000e-02 2.894626e+00 2.925815e+00
9.000000e-02 3.215579e+00 3.255004e+00
1.000000e-01 3.527468e+00 3.575955e+00
1.100000e-01 3.830312e+00 3.888656e+00
1.200000e-01 4.124132e+00 4.193097e+00
1.300000e-01 4.408953e+00 4.489278e+00
1.400000e-01 4.684802e+00 4.777198e+00
1.500000e-01 4.951706e+00 5.056860e+00
1.600000e-01 5.209697e+00 5.328269e+00
1.700000e-01 5.458805e+00 5.591433e+00
1.800000e-01 5.699065e+00 5.846361e+00
1.900000e-01 5.930510e+00 6.093062e+00
2.000000e-01 6.153176e+00 6.331548e+00
2.100000e-01 6.367100e+00 6.561832e+00
2.200000e-01 6.572319e+00 6.783926e+00
2.300000e-01 6.768872e+00 6.997843e+00
2.400000e-01 6.956799e+00 7.203598e+00
2.500000e-01 7.136138e+00 7.401204e+00
2.600000e-01 7.306932e+00 7.590678e+00
2.700000e-01 7.469222e+00 7.772033e+00
2.800000e-01 7.623050e+00 7.945284e+00
2.900000e-01 7.768460e+00 8.110448e+00
3.000000e-01 7.905495e+00 8.267539e+00
3.100000e-01 8.034200e+00 8.416573e+00
3.200000e-01 8.154620e+00 8.557564e+00
3.300000e-01 8.266800e+00 8.690530e+00
3.400000e-01 8.370787e+00 8.815483e+00
3.500000e-01 8.466628e+00 8.932441e+00
3.600000e-01 8.554371e+00 9.041419e+00
3.700000e-01 8.634063e+00 9.142430e+00
3.800000e-01 8.705754e+00 9.235491e+00
3.900000e-01 8.769493e+00 9.320616e+00
4.000000e-01 8.825330e+00 9.397820e+00
4.100000e-01 8.873315e+00 9.467117e+00
4.200000e-01 8.913500e+00 9.528523e+00
4.300000e-01 8.945936e+00 9.582050e+00
4.400000e-01 8.970677e+00 9.627715e+00
4.500000e-01 8.987774e+00 9.665529e+00
4.600000e-01 8.997282e+00 9.695509e+00
4.700000e-01 8.999255e+00 9.717666e+00
4.800000e-01 8.993748e+00 9.732015e+00
4.900000e-01 8.980816e+00 9.738568e+00
5.000000e-01 8.960515e+00 9.737340e+00
5.100000e-01 8.932903e+00 9.728343e+00
5.200000e-01 8.898036e+00 9.711590e+00
5.300000e-01 8.855973e+00 9.687094e+00
5.400000e-01 8.806772e+00 9.654867e+00
5.500000e-01 8.750493e+00 9.614921e+00
5.600000e-01 8.687196e+00 9.567270e+00
5.700000e-01 8.616942e+00 9.511924e+00
5.800000e-01 8.539791e+00 9.448896e+00
5.900000e-01 8.455807e+00 9.378197e+00
6.000000e-01 8.365051e+00 9.299839e+00
6.100000e-01 8.267588e+00 9.213834e+00
6.200000e-01 8.163482e+00 9.120192e+00
6.300000e-01 8.052796e+00 9.018925e+00
6.400000e-01 7.935598e+00 8.910043e+00
6.500000e-01 7.811954e+00 8.793558e+00
6.600000e-01 7.681930e+00 8.669480e+00
6.700000e-01 7.545595e+00 8.537819e+00
6.800000e-01 7.403018e+00 8.398586e+00
6.900000e-01 7.254267e+00 8.251792e+00
7.000000e-01 7.099413e+00 8.097445e+00
7.100000e-01 6.938527e+00 7.935556e+00
7.200000e-01 6.771682e+00 7.766135e+00
7.300000e-01 6.598949e+00 7.589192e+00
7.400000e-01 6.420402e+00 7.404735e+00
7.500000e-01 6.236116e+00 7.212775e+00
7.600000e-01 6.046166e+00 7.013320e+00
7.700000e-01 5.850628e+00 6.806380e+00
7.800000e-01 5.649579e+00 6.591964e+00
7.900000e-01 5.443097e+00 6.370080e+00
8.000000e-01 5.231260e+00 6.140737e+00
8.100000e-01 5.014148e+00 5.903944e+00
8.200000e-01 4.791843e+00 5.659710e+00
8.300000e-01 4.564424e+00 5.408042e+00
8.400000e-01 4.331976e+00 5.148949e+00
8.500000e-01 4.094581e+00 4.882440e+00
8.600000e-01 3.852325e+00 4.608521e+00
8.700000e-01 3.605291e+00 4.327202e+00
8.800000e-01 3.353568e+00 4.038490e+00
8.900000e-01 3.097242e+00 3.742393e+00
9.000000e-01 2.836403e+00 3.438918e+00
9.100000e-01 2.571138e+00 3.128072e+00
9.200000e-01 2.301541e+00 2.809864e+00
9.300000e-01 2.027701e+00 2.484301e+00
9.400000e-01 1.749713e+00 2.151390e+00
9.500000e-01 1.467669e+00 1.811137e+00
9.600000e-01 1.181666e+00 1.463550e+00
9.700000e-01 8.917995e-01 1.108636e+00
9.800000e-01 5.981669e-01 7.464022e-01
9.900000e-01 3.008671e-01 3.768545e-01
