3.075371
1.060478
2.412568
3.381038
5.295838
6.126364
2.503990
1.675222
5.450531
2.481886
4.444395
1.986649
1.171809
1.887154
4.419850
1.235143
2.935536
2.023607
2.877354
1.942907
1.095369
1.551308
2.138809
15.919111
1.804408
3.650547
1.424614
1.799444
1.076926
2.433645
1.728737
2.373555
1.675334
2.063395
1.602091
6.481225
1.504817
1.127023
1.064448
1.934372
1.180575
1.374471
2.905877
1.131906
2.509127
1.220339
1.576169
6.202414
1.056586
2.375898
1.694859
1.221822
2.688626
5.565628
4.144352
1.094936
1.002621
1.528106
2.146986
1.113519
2.313355
8.070248
2.402432
1.421013
1.443963
3.199875
1.505655
2.690908
2.309644
1.918541
4.314039
1.641753
1.253186
1.430526
2.947190
1.091457
2.963201
3.644455
2.247904
1.350926
2.868912
5.187870
1.096521
2.594343
5.150650
1.300526
1.596499
2.295289
1.479797
1.351811
2.087653
2.348993
2.786513
1.215006
3.846590
2.019554
1.737450
1.731434
3.552715
1.132946

# sigma^2=1