1.132943
2.680542
2.314494
48.312759
19.328392
1.153191
11.863102
5.441327
3.300786
15.148305
1.192967
6.431090
4.936564
7.074912
2.703204
4.374937
1.662356
4.637656
4.851038
1.682126
2.211932
4.414940
4.441415
21.121751
3.505998
1.397120
13.456909
14.184822
17.193650
3.166888
2.275845
1.638530
1.868100
4.712603
10.346133
2.599206
4.862052
4.279777
1.132270
20.889071
5.162351
4.020432
1.098151
1.067928
2.229653
2.756653
4.679417
2.597969
7.996679
6.135528
6.808651
1.307306
7.364314
36.071709
12.409461
2.902032
4.812802
4.921146
1.298023
19.631284
1.016826
1.614431
7.171557
2.122786
2.643140
5.012221
20.422812
12.525631
3.148163
1.678666
1.523065
10.297849
1.242222
36.030228
5.071633
1.086964
9.793789
1.234842
2.111507
37.643094
6.991730
3.718527
2.945673
10.460085
2.087079
9.209755
3.237774
1.087532
1.218961
10.025646
138.831052
3.458986
12.048514
4.813912
12.556692
13.341772
162.626061
3.875323
9.154150
6.456954

# sigma^2=4