1.000000e-02 5.988178e-01 2.262493e+02
2.000000e-02 1.202568e+00 1.530286e+01
3.000000e-02 1.767666e+00 2.915187e+01
4.000000e-02 2.336818e+00 4.050410e+01
5.000000e-02 2.912053e+00 -9.425152e+02
6.000000e-02 3.393459e+00 8.485442e+02
7.000000e-02 3.926374e+00 8.063496e+02
8.000000e-02 4.448990e+00 1.735158e+03
9.000000e-02 5.003336e+00 -3.913147e+02
1.000000e-01 5.492137e+00 -6.453616e+02
2.000000e-01 9.802801e+00 -3.126290e+03
3.000000e-01 1.280810e+01 -2.512984e+03
4.000000e-01 1.431694e+01 1.000925e+03
5.000000e-01 1.488535e+01 2.273074e+03
6.000000e-01 1.415371e+01 -2.082439e+03
7.000000e-01 1.221551e+01 4.100690e+02
8.000000e-01 9.243825e+00 -1.801608e+03
9.000000e-01 5.114751e+00 3.779390e+02
9.100000e-01 4.678282e+00 -8.367387e+02
9.200000e-01 4.165775e+00 6.692402e+02
9.300000e-01 3.694131e+00 5.417506e+02
9.400000e-01 3.201224e+00 1.761296e+02
9.500000e-01 2.666321e+00 3.382741e+02
9.600000e-01 2.181493e+00 -4.873835e+02
9.700000e-01 1.654279e+00 -5.412152e+02
9.800000e-01 1.101666e+00 1.803374e+02
9.900000e-01 5.583132e-01 -1.489379e+02
