1.000000e-02 1.598623e-01 -9.325308e+00
2.000000e-02 3.137326e-01 -7.322755e+01
3.000000e-02 4.584925e-01 2.105785e+02
4.000000e-02 6.158727e-01 -9.420370e+01
5.000000e-02 7.607964e-01 -1.713605e+02
6.000000e-02 8.971704e-01 -2.167102e+01
7.000000e-02 1.022032e+00 4.226321e+02
8.000000e-02 1.157160e+00 9.838472e+01
9.000000e-02 1.287732e+00 5.758150e+01
1.000000e-01 1.393264e+00 4.131030e+02
2.000000e-01 2.389701e+00 8.362973e+02
3.000000e-01 3.025374e+00 8.896541e+02
4.000000e-01 3.345142e+00 -7.291054e+02
5.000000e-01 3.298169e+00 7.395006e+02
6.000000e-01 3.014922e+00 -1.695799e+03
7.000000e-01 2.436941e+00 8.896967e+02
8.000000e-01 1.720942e+00 4.498651e+02
9.000000e-01 8.895171e-01 3.537589e+02
9.100000e-01 8.070566e-01 2.005111e+02
9.200000e-01 7.214816e-01 5.615091e+01
9.300000e-01 6.308142e-01 8.881417e+01
9.400000e-01 5.392645e-01 5.112551e+01
9.500000e-01 4.504909e-01 1.002073e+02
9.600000e-01 3.630322e-01 6.798424e+01
9.700000e-01 2.693054e-01 1.641778e+02
9.800000e-01 1.816591e-01 1.047297e+01
9.900000e-01 9.035500e-02 2.779393e+01
