1.000000e-02 1.588025e-01 1.003350e+00 9.781887e-01
2.000000e-02 3.142400e-01 1.014481e+00 1.936744e+00
3.000000e-02 4.662963e-01 1.025263e+00 2.875607e+00
4.000000e-02 6.149566e-01 1.035713e+00 3.794726e+00
5.000000e-02 7.602076e-01 1.045846e+00 4.694057e+00
6.000000e-02 9.020375e-01 1.055675e+00 5.573560e+00
7.000000e-02 1.040436e+00 1.065216e+00 6.433204e+00
8.000000e-02 1.175392e+00 1.074479e+00 7.272960e+00
9.000000e-02 1.306900e+00 1.083477e+00 8.092805e+00
1.000000e-01 1.434950e+00 1.092222e+00 8.892720e+00
1.100000e-01 1.559536e+00 1.100723e+00 9.672688e+00
1.200000e-01 1.680652e+00 1.108991e+00 1.043270e+01
1.300000e-01 1.798294e+00 1.117035e+00 1.117274e+01
1.400000e-01 1.912458e+00 1.124864e+00 1.189280e+01
1.500000e-01 2.023138e+00 1.132487e+00 1.259288e+01
1.600000e-01 2.130334e+00 1.139912e+00 1.327298e+01
1.700000e-01 2.234042e+00 1.147146e+00 1.393309e+01
1.800000e-01 2.334260e+00 1.154197e+00 1.457322e+01
1.900000e-01 2.430987e+00 1.161071e+00 1.519336e+01
2.000000e-01 2.524223e+00 1.167776e+00 1.579353e+01
2.100000e-01 2.613967e+00 1.174316e+00 1.637372e+01
2.200000e-01 2.700220e+00 1.180699e+00 1.693393e+01
2.300000e-01 2.782982e+00 1.186930e+00 1.747419e+01
2.400000e-01 2.862255e+00 1.193014e+00 1.799448e+01
2.500000e-01 2.938039e+00 1.198956e+00 1.849483e+01
2.600000e-01 3.010339e+00 1.204762e+00 1.897524e+01
2.700000e-01 3.079155e+00 1.210435e+00 1.943571e+01
2.800000e-01 3.144491e+00 1.215981e+00 1.987627e+01
2.900000e-01 3.206350e+00 1.221403e+00 2.029691e+01
3.000000e-01 3.264736e+00 1.226706e+00 2.069766e+01
3.100000e-01 3.319654e+00 1.231894e+00 2.107851e+01
3.200000e-01 3.371108e+00 1.236970e+00 2.143949e+01
3.300000e-01 3.419103e+00 1.241938e+00 2.178060e+01
3.400000e-01 3.463646e+00 1.246801e+00 2.210186e+01
3.500000e-01 3.504741e+00 1.251563e+00 2.240327e+01
3.600000e-01 3.542396e+00 1.256226e+00 2.268486e+01
3.700000e-01 3.576617e+00 1.260794e+00 2.294663e+01
3.800000e-01 3.607413e+00 1.265270e+00 2.318859e+01
3.900000e-01 3.634790e+00 1.269656e+00 2.341075e+01
4.000000e-01 3.658759e+00 1.273955e+00 2.361314e+01
4.100000e-01 3.679327e+00 1.278170e+00 2.379576e+01
4.200000e-01 3.696504e+00 1.282303e+00 2.395862e+01
4.300000e-01 3.710302e+00 1.286357e+00 2.410175e+01
4.400000e-01 3.720729e+00 1.290333e+00 2.422514e+01
4.500000e-01 3.727799e+00 1.294234e+00 2.432881e+01
4.600000e-01 3.731523e+00 1.298062e+00 2.441278e+01
4.700000e-01 3.731915e+00 1.301819e+00 2.447706e+01
4.800000e-01 3.728987e+00 1.305507e+00 2.452166e+01
4.900000e-01 3.722754e+00 1.309128e+00 2.454659e+01
5.000000e-01 3.713231e+00 1.312684e+00 2.455186e+01
5.100000e-01 3.700435e+00 1.316176e+00 2.453750e+01
5.200000e-01 3.684383e+00 1.319606e+00 2.450350e+01
5.300000e-01 3.665092e+00 1.322976e+00 2.444989e+01
5.400000e-01 3.642581e+00 1.326287e+00 2.437666e+01
5.500000e-01 3.616870e+00 1.329541e+00 2.428385e+01
5.600000e-01 3.587981e+00 1.332740e+00 2.417145e+01
5.700000e-01 3.555937e+00 1.335884e+00 2.403949e+01
5.800000e-01 3.520760e+00 1.338976e+00 2.388796e+01
5.900000e-01 3.482476e+00 1.342015e+00 2.371689e+01
6.000000e-01 3.441111e+00 1.345005e+00 2.352628e+01
6.100000e-01 3.396694e+00 1.347945e+00 2.331615e+01
6.200000e-01 3.349255e+00 1.350838e+00 2.308650e+01
6.300000e-01 3.298826e+00 1.353684e+00 2.283736e+01
6.400000e-01 3.245439e+00 1.356484e+00 2.256872e+01
6.500000e-01 3.189131e+00 1.359240e+00 2.228060e+01
6.600000e-01 3.129940e+00 1.361953e+00 2.197301e+01
6.700000e-01 3.067907e+00 1.364623e+00 2.164597e+01
6.800000e-01 3.003073e+00 1.367251e+00 2.129947e+01
6.900000e-01 2.935486e+00 1.369839e+00 2.093354e+01
7.000000e-01 2.865194e+00 1.372388e+00 2.054818e+01
7.100000e-01 2.792249e+00 1.374898e+00 2.014341e+01
7.200000e-01 2.716708e+00 1.377370e+00 1.971923e+01
7.300000e-01 2.638629e+00 1.379805e+00 1.927565e+01
7.400000e-01 2.558076e+00 1.382204e+00 1.881268e+01
7.500000e-01 2.475119e+00 1.384568e+00 1.833033e+01
7.600000e-01 2.389830e+00 1.386897e+00 1.782862e+01
7.700000e-01 2.302289e+00 1.389193e+00 1.730755e+01
7.800000e-01 2.212580e+00 1.391455e+00 1.676713e+01
7.900000e-01 2.120794e+00 1.393685e+00 1.620736e+01
8.000000e-01 2.027031e+00 1.395884e+00 1.562827e+01
8.100000e-01 1.931396e+00 1.398051e+00 1.502986e+01
8.200000e-01 1.834005e+00 1.400188e+00 1.441213e+01
8.300000e-01 1.734982e+00 1.402296e+00 1.377510e+01
8.400000e-01 1.634463e+00 1.404374e+00 1.311877e+01
8.500000e-01 1.532594e+00 1.406424e+00 1.244316e+01
8.600000e-01 1.429535e+00 1.408446e+00 1.174827e+01
8.700000e-01 1.325461e+00 1.410441e+00 1.103410e+01
8.800000e-01 1.220561e+00 1.412408e+00 1.030068e+01
8.900000e-01 1.115046e+00 1.414350e+00 9.547999e+00
9.000000e-01 1.009143e+00 1.416266e+00 8.776074e+00
9.100000e-01 9.031035e-01 1.418156e+00 7.984911e+00
9.200000e-01 7.972049e-01 1.420022e+00 7.174519e+00
9.300000e-01 6.917530e-01 1.421864e+00 6.344904e+00
9.400000e-01 5.870866e-01 1.423682e+00 5.496074e+00
9.500000e-01 4.835815e-01 1.425476e+00 4.628037e+00
9.600000e-01 3.816566e-01 1.427248e+00 3.740800e+00
9.700000e-01 2.817791e-01 1.428997e+00 2.834371e+00
9.800000e-01 1.844725e-01 1.430724e+00 1.908756e+00
9.900000e-01 9.032501e-02 1.432430e+00 9.639636e-01
