1.000000e-02 6.047178e-01 1.622926e+00 9.935844e-01
2.000000e-02 1.197004e+00 1.633016e+00 1.967085e+00
3.000000e-02 1.776856e+00 1.643041e+00 2.920499e+00
4.000000e-02 2.344271e+00 1.652999e+00 3.853826e+00
5.000000e-02 2.899249e+00 1.662894e+00 4.767064e+00
6.000000e-02 3.441786e+00 1.672723e+00 5.660212e+00
7.000000e-02 3.971882e+00 1.682489e+00 6.533269e+00
8.000000e-02 4.489535e+00 1.692193e+00 7.386234e+00
9.000000e-02 4.994745e+00 1.701833e+00 8.219105e+00
1.000000e-01 5.487510e+00 1.711412e+00 9.031882e+00
1.100000e-01 5.967830e+00 1.720930e+00 9.824565e+00
1.200000e-01 6.435704e+00 1.730387e+00 1.059715e+01
1.300000e-01 6.891133e+00 1.739785e+00 1.134964e+01
1.400000e-01 7.334117e+00 1.749122e+00 1.208204e+01
1.500000e-01 7.764655e+00 1.758401e+00 1.279434e+01
1.600000e-01 8.182748e+00 1.767621e+00 1.348654e+01
1.700000e-01 8.588397e+00 1.776784e+00 1.415865e+01
1.800000e-01 8.981604e+00 1.785889e+00 1.481066e+01
1.900000e-01 9.362368e+00 1.794938e+00 1.544257e+01
2.000000e-01 9.730693e+00 1.803930e+00 1.605439e+01
2.100000e-01 1.008658e+01 1.812867e+00 1.664611e+01
2.200000e-01 1.043003e+01 1.821749e+00 1.721774e+01
2.300000e-01 1.076104e+01 1.830576e+00 1.776927e+01
2.400000e-01 1.107963e+01 1.839348e+00 1.830071e+01
2.500000e-01 1.138578e+01 1.848068e+00 1.881205e+01
2.600000e-01 1.167951e+01 1.856734e+00 1.930330e+01
2.700000e-01 1.196082e+01 1.865347e+00 1.977445e+01
2.800000e-01 1.222971e+01 1.873908e+00 2.022552e+01
2.900000e-01 1.248618e+01 1.882417e+00 2.065649e+01
3.000000e-01 1.273024e+01 1.890875e+00 2.106738e+01
3.100000e-01 1.296190e+01 1.899283e+00 2.145817e+01
3.200000e-01 1.318116e+01 1.907640e+00 2.182888e+01
3.300000e-01 1.338802e+01 1.915947e+00 2.217950e+01
3.400000e-01 1.358248e+01 1.924205e+00 2.251003e+01
3.500000e-01 1.376457e+01 1.932413e+00 2.282048e+01
3.600000e-01 1.393428e+01 1.940573e+00 2.311084e+01
3.700000e-01 1.409161e+01 1.948685e+00 2.338112e+01
3.800000e-01 1.423658e+01 1.956750e+00 2.363132e+01
3.900000e-01 1.436919e+01 1.964767e+00 2.386145e+01
4.000000e-01 1.448946e+01 1.972737e+00 2.407149e+01
4.100000e-01 1.459738e+01 1.980660e+00 2.426146e+01
4.200000e-01 1.469298e+01 1.988538e+00 2.443135e+01
4.300000e-01 1.477625e+01 1.996370e+00 2.458116e+01
4.400000e-01 1.484720e+01 2.004156e+00 2.471091e+01
4.500000e-01 1.490586e+01 2.011898e+00 2.482058e+01
4.600000e-01 1.495223e+01 2.019595e+00 2.491018e+01
4.700000e-01 1.498631e+01 2.027248e+00 2.497972e+01
4.800000e-01 1.500813e+01 2.034858e+00 2.502919e+01
4.900000e-01 1.501769e+01 2.042424e+00 2.505860e+01
5.000000e-01 1.501501e+01 2.049947e+00 2.506794e+01
5.100000e-01 1.500011e+01 2.057427e+00 2.505723e+01
5.200000e-01 1.497299e+01 2.064866e+00 2.502645e+01
5.300000e-01 1.493368e+01 2.072262e+00 2.497562e+01
5.400000e-01 1.488218e+01 2.079617e+00 2.490473e+01
5.500000e-01 1.481852e+01 2.086930e+00 2.481379e+01
5.600000e-01 1.474272e+01 2.094203e+00 2.470280e+01
5.700000e-01 1.465480e+01 2.101435e+00 2.457175e+01
5.800000e-01 1.455477e+01 2.108627e+00 2.442066e+01
5.900000e-01 1.444265e+01 2.115779e+00 2.424953e+01
6.000000e-01 1.431848e+01 2.122892e+00 2.405835e+01
6.100000e-01 1.418227e+01 2.129965e+00 2.384713e+01
6.200000e-01 1.403404e+01 2.137000e+00 2.361587e+01
6.300000e-01 1.387383e+01 2.143996e+00 2.336457e+01
6.400000e-01 1.370166e+01 2.150954e+00 2.309324e+01
6.500000e-01 1.351756e+01 2.157874e+00 2.280187e+01
6.600000e-01 1.332157e+01 2.164756e+00 2.249047e+01
6.700000e-01 1.311370e+01 2.171601e+00 2.215905e+01
6.800000e-01 1.289401e+01 2.178409e+00 2.180759e+01
6.900000e-01 1.266252e+01 2.185181e+00 2.143611e+01
7.000000e-01 1.241928e+01 2.191916e+00 2.104461e+01
7.100000e-01 1.216432e+01 2.198614e+00 2.063309e+01
7.200000e-01 1.189769e+01 2.205277e+00 2.020154e+01
7.300000e-01 1.161944e+01 2.211905e+00 1.974999e+01
7.400000e-01 1.132960e+01 2.218497e+00 1.927841e+01
7.500000e-01 1.102824e+01 2.225054e+00 1.878683e+01
7.600000e-01 1.071541e+01 2.231577e+00 1.827524e+01
7.700000e-01 1.039116e+01 2.238065e+00 1.774364e+01
7.800000e-01 1.005557e+01 2.244519e+00 1.719203e+01
7.900000e-01 9.708681e+00 2.250939e+00 1.662042e+01
8.000000e-01 9.350582e+00 2.257326e+00 1.602881e+01
8.100000e-01 8.981341e+00 2.263679e+00 1.541720e+01
8.200000e-01 8.601037e+00 2.269999e+00 1.478560e+01
8.300000e-01 8.209758e+00 2.276286e+00 1.413400e+01
8.400000e-01 7.807592e+00 2.282541e+00 1.346241e+01
8.500000e-01 7.394637e+00 2.288763e+00 1.277083e+01
8.600000e-01 6.970998e+00 2.294953e+00 1.205926e+01
8.700000e-01 6.536786e+00 2.301112e+00 1.132771e+01
8.800000e-01 6.092122e+00 2.307239e+00 1.057618e+01
8.900000e-01 5.637134e+00 2.313334e+00 9.804663e+00
9.000000e-01 5.171961e+00 2.319399e+00 9.013171e+00
9.100000e-01 4.696753e+00 2.325432e+00 8.201705e+00
9.200000e-01 4.211672e+00 2.331435e+00 7.370265e+00
9.300000e-01 3.716893e+00 2.337408e+00 6.518855e+00
9.400000e-01 3.212603e+00 2.343350e+00 5.647476e+00
9.500000e-01 2.699010e+00 2.349263e+00 4.756131e+00
9.600000e-01 2.176334e+00 2.355146e+00 3.844823e+00
9.700000e-01 1.644819e+00 2.360999e+00 2.913553e+00
9.800000e-01 1.104729e+00 2.366823e+00 1.962325e+00
9.900000e-01 5.563505e-01 2.372618e+00 9.911394e-01
