2.621223
1.098324
1.246672
2.144787
1.360062
1.911147
1.071735
1.748930
1.930267
1.051340
2.146798
1.358367
2.150519
1.115499
1.457692
2.222616
1.896772
2.579443
1.700587
1.013679
1.076765
1.473964
1.605904
1.118156
1.225659
1.165466
1.786756
2.692936
2.094198
1.741870
1.197944
1.551884
1.126672
1.065150
1.028887
1.116118
1.586805
1.490257
2.436908
2.525891
1.479179
1.953894
1.796921
1.830582
1.894715
2.254935
1.182085
1.642590
1.536449
1.879749
2.075572
1.370977
1.325385
2.703800
1.360308
1.916260
2.242394
1.997855
1.682594
1.233981
1.861902
1.301157
2.595798
1.791433
1.679025
1.204103
1.396410
1.409494
1.335967
2.703981
1.199681
1.952819
1.384657
1.695705
1.490545
1.960144
2.021916
1.536786
1.511821
1.045761
1.201468
1.287938
1.499246
2.472680
2.219922
1.471685
1.152102
1.247152
1.026789
2.196792
1.588080
1.009367
1.060950
1.985790
2.507060
1.627870
1.460708
1.084840
1.994398
1.897574

#Emin=0.0,Emax1.0