5.996688
2.508699
1.827207
2.636670
3.136920
9.096369
4.055802
3.568458
5.971470
1.303067
1.022168
17.219881
8.460284
3.734545
9.054980
1.422917
4.197537
1.349743
10.048587
5.635814
18.453913
1.242007
5.745861
2.080035
10.910443
1.762205
17.552313
6.584341
14.378716
2.648231
14.031632
5.368716
4.458244
3.097269
7.009387
7.549277
1.648520
4.151661
12.054339
1.065227
3.961779
3.588631
2.810216
7.229918
2.004772
3.587064
1.091794
1.190067
1.433694
15.199256
7.194079
19.176758
3.978049
7.372529
7.829269
14.449867
2.725903
5.628488
1.723360
10.635636
7.002964
2.673269
13.719978
11.716083
8.851648
1.242222
12.206022
1.809432
3.261013
1.012063
19.894641
6.114123
9.042232
1.315614
1.301445
8.696136
6.372361
7.296588
5.244492
7.761509
14.444904
2.195712
5.070841
4.738114
6.703636
6.393525
14.411344
13.139297
2.314289
1.094008
2.895951
4.635250
17.270191
2.298826
3.269018
4.087187
4.314842
8.718463
2.768488
5.564145

#Emin=0.0,Emax3.0