1.000000e-02 6.074364e-01
2.000000e-02 1.216576e+00
3.000000e-02 1.798200e+00
4.000000e-02 2.384191e+00
5.000000e-02 2.945133e+00
6.000000e-02 3.464995e+00
7.000000e-02 4.032828e+00
8.000000e-02 4.537554e+00
9.000000e-02 5.072339e+00
1.000000e-01 5.524582e+00
2.000000e-01 9.836526e+00
3.000000e-01 1.280132e+01
4.000000e-01 1.434544e+01
5.000000e-01 1.486063e+01
6.000000e-01 1.401337e+01
7.000000e-01 1.199516e+01
8.000000e-01 9.019039e+00
9.000000e-01 5.023786e+00
9.100000e-01 4.549646e+00
9.200000e-01 4.106858e+00
9.300000e-01 3.632265e+00
9.400000e-01 3.107861e+00
9.500000e-01 2.625584e+00
9.600000e-01 2.116858e+00
9.700000e-01 1.595025e+00
9.800000e-01 1.092077e+00
9.900000e-01 5.425786e-01
