1.000000e-02 6.141303e-01 1.067314e+00
2.000000e-02 1.214837e+00 1.070789e+00
3.000000e-02 1.802158e+00 1.074230e+00
4.000000e-02 2.376129e+00 1.077636e+00
5.000000e-02 2.936782e+00 1.081009e+00
6.000000e-02 3.484151e+00 1.084349e+00
7.000000e-02 4.018267e+00 1.087656e+00
8.000000e-02 4.539158e+00 1.090932e+00
9.000000e-02 5.046856e+00 1.094175e+00
1.000000e-01 5.541388e+00 1.097387e+00
1.100000e-01 6.022781e+00 1.100569e+00
1.200000e-01 6.491062e+00 1.103720e+00
1.300000e-01 6.946259e+00 1.106842e+00
1.400000e-01 7.388397e+00 1.109933e+00
1.500000e-01 7.817502e+00 1.112996e+00
1.600000e-01 8.233599e+00 1.116030e+00
1.700000e-01 8.636713e+00 1.119036e+00
1.800000e-01 9.026871e+00 1.122014e+00
1.900000e-01 9.404095e+00 1.124965e+00
2.000000e-01 9.768412e+00 1.127889e+00
2.100000e-01 1.011985e+01 1.130785e+00
2.200000e-01 1.045842e+01 1.133656e+00
2.300000e-01 1.078416e+01 1.136500e+00
2.400000e-01 1.109710e+01 1.139319e+00
2.500000e-01 1.139724e+01 1.142113e+00
2.600000e-01 1.168463e+01 1.144881e+00
2.700000e-01 1.195929e+01 1.147625e+00
2.800000e-01 1.222124e+01 1.150345e+00
2.900000e-01 1.247051e+01 1.153040e+00
3.000000e-01 1.270712e+01 1.155712e+00
3.100000e-01 1.293110e+01 1.158361e+00
3.200000e-01 1.314247e+01 1.160987e+00
3.300000e-01 1.334127e+01 1.163589e+00
3.400000e-01 1.352752e+01 1.166170e+00
3.500000e-01 1.370125e+01 1.168728e+00
3.600000e-01 1.386248e+01 1.171264e+00
3.700000e-01 1.401125e+01 1.173779e+00
3.800000e-01 1.414757e+01 1.176273e+00
3.900000e-01 1.427149e+01 1.178745e+00
4.000000e-01 1.438303e+01 1.181197e+00
4.100000e-01 1.448222e+01 1.183628e+00
4.200000e-01 1.456909e+01 1.186038e+00
4.300000e-01 1.464368e+01 1.188429e+00
4.400000e-01 1.470600e+01 1.190800e+00
4.500000e-01 1.475611e+01 1.193152e+00
4.600000e-01 1.479402e+01 1.195484e+00
4.700000e-01 1.481977e+01 1.197797e+00
4.800000e-01 1.483340e+01 1.200091e+00
4.900000e-01 1.483494e+01 1.202367e+00
5.000000e-01 1.482443e+01 1.204624e+00
5.100000e-01 1.480190e+01 1.206864e+00
5.200000e-01 1.476739e+01 1.209085e+00
5.300000e-01 1.472093e+01 1.211289e+00
5.400000e-01 1.466257e+01 1.213475e+00
5.500000e-01 1.459234e+01 1.215643e+00
5.600000e-01 1.451028e+01 1.217795e+00
5.700000e-01 1.441644e+01 1.219930e+00
5.800000e-01 1.431086e+01 1.222048e+00
5.900000e-01 1.419357e+01 1.224150e+00
6.000000e-01 1.406462e+01 1.226235e+00
6.100000e-01 1.392406e+01 1.228304e+00
6.200000e-01 1.377193e+01 1.230358e+00
6.300000e-01 1.360828e+01 1.232395e+00
6.400000e-01 1.343315e+01 1.234417e+00
6.500000e-01 1.324659e+01 1.236424e+00
6.600000e-01 1.304866e+01 1.238415e+00
6.700000e-01 1.283940e+01 1.240392e+00
6.800000e-01 1.261887e+01 1.242353e+00
6.900000e-01 1.238712e+01 1.244300e+00
7.000000e-01 1.214420e+01 1.246232e+00
7.100000e-01 1.189016e+01 1.248150e+00
7.200000e-01 1.162508e+01 1.250054e+00
7.300000e-01 1.134900e+01 1.251943e+00
7.400000e-01 1.106198e+01 1.253819e+00
7.500000e-01 1.076409e+01 1.255681e+00
7.600000e-01 1.045539e+01 1.257529e+00
7.700000e-01 1.013595e+01 1.259364e+00
7.800000e-01 9.805821e+00 1.261186e+00
7.900000e-01 9.465082e+00 1.262994e+00
8.000000e-01 9.113802e+00 1.264790e+00
8.100000e-01 8.752051e+00 1.266572e+00
8.200000e-01 8.379902e+00 1.268342e+00
8.300000e-01 7.997432e+00 1.270099e+00
8.400000e-01 7.604716e+00 1.271844e+00
8.500000e-01 7.201836e+00 1.273577e+00
8.600000e-01 6.788871e+00 1.275297e+00
8.700000e-01 6.365906e+00 1.277005e+00
8.800000e-01 5.933027e+00 1.278701e+00
8.900000e-01 5.490323e+00 1.280385e+00
9.000000e-01 5.037883e+00 1.282058e+00
9.100000e-01 4.575803e+00 1.283719e+00
9.200000e-01 4.104176e+00 1.285369e+00
9.300000e-01 3.623103e+00 1.287007e+00
9.400000e-01 3.132685e+00 1.288634e+00
9.500000e-01 2.633026e+00 1.290250e+00
9.600000e-01 2.124234e+00 1.291855e+00
9.700000e-01 1.606420e+00 1.293449e+00
9.800000e-01 1.079698e+00 1.295032e+00
9.900000e-01 5.441839e-01 1.296605e+00
