1.471690
1.214983
1.089808
1.040286
3.720473
1.347191
1.286151
1.083247
4.583724
1.066510
2.864323
2.082550
2.863207
1.122234
1.297897
2.215068
1.227293
2.022969
1.044677
1.605964
3.298120
1.026908
4.367150
1.179103
1.094321
1.464853
1.025080
1.060209
1.119167
1.254453
1.074720
2.504975
1.913420
1.033311
1.449811
1.709714
1.948356
1.367276
1.737969
1.178767
1.471041
1.675208
1.287068
1.445891
1.086670
1.012912
1.223773
1.771377
2.260345
1.283113
2.031073
1.073515
1.121709
1.124159
1.307127
1.206898
1.709286
1.339534
1.453259
1.055936
1.357900
1.346407
1.450711
1.903791
5.443559
1.464090
1.471242
1.299159
1.326109
1.439826
2.175195
1.046288
1.160761
1.012277
1.049114
2.141942
1.299991
1.194788
1.629563
1.133017
1.910952
1.643766
1.027303
1.213192
1.019724
1.054725
1.862039
4.377312
1.265112
1.228359
1.226191
1.031018
1.419312
2.368987
1.240538
1.510479
3.015971
1.672641
1.445991
1.954738
