1.000000e-02 4.662214e-03 1.124756e+02
2.000000e-02 6.968056e-03 -3.877092e+01
3.000000e-02 8.715242e-03 -1.802154e+02
4.000000e-02 1.041536e-02 4.719319e+02
5.000000e-02 1.275024e-02 2.816535e+02
6.000000e-02 1.502996e-02 8.387697e+02
7.000000e-02 1.780416e-02 1.021083e+03
8.000000e-02 2.019362e-02 8.570366e+02
9.000000e-02 2.293889e-02 7.719145e+01
1.000000e-01 2.511381e-02 -7.414234e+02
2.000000e-01 4.044142e-02 7.290017e+02
3.000000e-01 4.500806e-02 2.313495e+03
4.000000e-01 4.007651e-02 1.089779e+03
5.000000e-01 3.119632e-02 4.802908e+03
6.000000e-01 2.170508e-02 4.627671e+03
7.000000e-01 1.495710e-02 4.688118e+03
8.000000e-01 8.622709e-03 4.099793e+03
9.000000e-01 3.729346e-03 2.851215e+03
9.100000e-01 3.384865e-03 2.515518e+03
9.200000e-01 2.983736e-03 2.053733e+03
9.300000e-01 2.511256e-03 2.114442e+03
9.400000e-01 2.106970e-03 1.843069e+03
9.500000e-01 1.748881e-03 1.448043e+03
9.600000e-01 1.357115e-03 1.220889e+03
9.700000e-01 1.076776e-03 8.714269e+02
9.800000e-01 6.589326e-04 7.000387e+02
9.900000e-01 3.342562e-04 3.294714e+02
