1.000000e-02 4.666420e-03 9.724127e-01
2.000000e-02 9.425743e-03 9.750632e-01
3.000000e-02 1.403566e-02 9.774622e-01
4.000000e-02 1.843020e-02 9.796439e-01
5.000000e-02 2.258889e-02 9.816364e-01
6.000000e-02 2.650713e-02 9.834635e-01
7.000000e-02 3.018691e-02 9.851448e-01
8.000000e-02 3.363323e-02 9.866972e-01
9.000000e-02 3.685256e-02 9.881349e-01
1.000000e-01 3.985205e-02 9.894702e-01
1.100000e-01 4.263918e-02 9.907136e-01
1.200000e-01 4.522148e-02 9.918744e-01
1.300000e-01 4.760645e-02 9.929604e-01
1.400000e-01 4.980148e-02 9.939787e-01
1.500000e-01 5.181383e-02 9.949355e-01
1.600000e-01 5.365055e-02 9.958361e-01
1.700000e-01 5.531853e-02 9.966853e-01
1.800000e-01 5.682443e-02 9.974875e-01
1.900000e-01 5.817476e-02 9.982464e-01
2.000000e-01 5.937580e-02 9.989655e-01
2.100000e-01 6.043364e-02 9.996477e-01
2.200000e-01 6.135419e-02 1.000296e+00
2.300000e-01 6.214319e-02 1.000913e+00
2.400000e-01 6.280617e-02 1.001500e+00
2.500000e-01 6.334851e-02 1.002060e+00
2.600000e-01 6.377541e-02 1.002595e+00
2.700000e-01 6.409193e-02 1.003105e+00
2.800000e-01 6.430295e-02 1.003594e+00
2.900000e-01 6.441321e-02 1.004062e+00
3.000000e-01 6.442730e-02 1.004511e+00
3.100000e-01 6.434967e-02 1.004941e+00
3.200000e-01 6.418466e-02 1.005354e+00
3.300000e-01 6.393644e-02 1.005751e+00
3.400000e-01 6.360908e-02 1.006132e+00
3.500000e-01 6.320651e-02 1.006500e+00
3.600000e-01 6.273258e-02 1.006853e+00
3.700000e-01 6.219099e-02 1.007194e+00
3.800000e-01 6.158534e-02 1.007523e+00
3.900000e-01 6.091914e-02 1.007840e+00
4.000000e-01 6.019578e-02 1.008146e+00
4.100000e-01 5.941858e-02 1.008442e+00
4.200000e-01 5.859074e-02 1.008728e+00
4.300000e-01 5.771537e-02 1.009005e+00
4.400000e-01 5.679551e-02 1.009272e+00
4.500000e-01 5.583411e-02 1.009532e+00
4.600000e-01 5.483403e-02 1.009783e+00
4.700000e-01 5.379806e-02 1.010026e+00
4.800000e-01 5.272891e-02 1.010262e+00
4.900000e-01 5.162921e-02 1.010491e+00
5.000000e-01 5.050153e-02 1.010714e+00
5.100000e-01 4.934837e-02 1.010930e+00
5.200000e-01 4.817216e-02 1.011139e+00
5.300000e-01 4.697526e-02 1.011343e+00
5.400000e-01 4.575999e-02 1.011541e+00
5.500000e-01 4.452858e-02 1.011734e+00
5.600000e-01 4.328322e-02 1.011921e+00
5.700000e-01 4.202604e-02 1.012104e+00
5.800000e-01 4.075912e-02 1.012282e+00
5.900000e-01 3.948448e-02 1.012455e+00
6.000000e-01 3.820409e-02 1.012623e+00
6.100000e-01 3.691987e-02 1.012788e+00
6.200000e-01 3.563370e-02 1.012948e+00
6.300000e-01 3.434741e-02 1.013105e+00
6.400000e-01 3.306277e-02 1.013257e+00
6.500000e-01 3.178153e-02 1.013406e+00
6.600000e-01 3.050539e-02 1.013551e+00
6.700000e-01 2.923599e-02 1.013693e+00
6.800000e-01 2.797496e-02 1.013832e+00
6.900000e-01 2.672387e-02 1.013967e+00
7.000000e-01 2.548426e-02 1.014100e+00
7.100000e-01 2.425764e-02 1.014229e+00
7.200000e-01 2.304547e-02 1.014355e+00
7.300000e-01 2.184918e-02 1.014479e+00
7.400000e-01 2.067018e-02 1.014600e+00
7.500000e-01 1.950984e-02 1.014719e+00
7.600000e-01 1.836949e-02 1.014835e+00
7.700000e-01 1.725043e-02 1.014948e+00
7.800000e-01 1.615395e-02 1.015059e+00
7.900000e-01 1.508129e-02 1.015168e+00
8.000000e-01 1.403367e-02 1.015275e+00
8.100000e-01 1.301228e-02 1.015379e+00
8.200000e-01 1.201829e-02 1.015481e+00
8.300000e-01 1.105284e-02 1.015582e+00
8.400000e-01 1.011705e-02 1.015680e+00
8.500000e-01 9.211996e-03 1.015777e+00
8.600000e-01 8.338758e-03 1.015871e+00
8.700000e-01 7.498376e-03 1.015964e+00
8.800000e-01 6.691872e-03 1.016055e+00
8.900000e-01 5.920246e-03 1.016145e+00
9.000000e-01 5.184475e-03 1.016232e+00
9.100000e-01 4.485518e-03 1.016318e+00
9.200000e-01 3.824313e-03 1.016403e+00
9.300000e-01 3.201777e-03 1.016486e+00
9.400000e-01 2.618810e-03 1.016568e+00
9.500000e-01 2.076291e-03 1.016648e+00
9.600000e-01 1.575084e-03 1.016726e+00
9.700000e-01 1.116032e-03 1.016804e+00
9.800000e-01 6.999633e-04 1.016880e+00
9.900000e-01 3.276879e-04 1.016954e+00
