1.645779
1.155507
4.789410
1.693918
2.895396
40.420336
21.710870
1.305609
2.828236
9.220960
1.080248
1.803436
4.449610
4.037526
18.366898
4.232282
1.425287
13.275464
21.172326
9.150075
80.032453
20.134358
1.303333
7.059697
3.536211
47.700872
1.174086
2.000907
2.937340
3.612666
15.427416
21.154079
14.452810
2.675972
3.751151
11.954563
7.028491
2.246209
1.202517
7917.229834
34.372656
136.218715
2.327571
1.557230
1.114060
4.836100
82.273254
29.342662
1.393855
134.832558
14.824702
81.384009
1.090158
2.070270
3.191198
144.481580
1.703526
1.079603
1.656484
1.602977
2.558897
1.138354
1.044938
16.828303
4.744405
6532.314294
4.303870
1.339438
3.120153
2.664548
1.599180
1.771580
5.238273
56.420233
3.810348
5.249808
6.664555
1.473070
2.912173
10.302940
2.334303
1.424396
330.278109
1.493920
5.593948
485.906160
926.285320
1.451053
36.677806
1984.815953
2.334194
5.529720
3.216833
1.308429
42.763140
1.046252
11.673065
2.080780
1.764677
1901.599681
